
1.00615,58.5191,8.63301
1.01115,58.3803,8.62277
1.01615,58.4394,8.62713
1.02115,73.0626,9.64631
1.02615,90.4324,10.7319
1.03115,78.1502,9.97651
1.03615,92.1544,10.8336
1.04115,88.1004,10.5926
1.04615,94.7873,10.9872
1.05115,109.767,11.8236
1.05615,120.096,12.3674
1.06115,130.792,12.9064
1.06615,124.377,12.5859
1.07115,130.656,12.8997
1.07615,148.32,13.744
1.08115,157.61,14.1679
1.08615,165.905,14.536
1.09115,173.589,14.8688
1.09615,186.669,15.4188
1.10115,211.432,16.4096
1.10615,264.543,18.3553
1.11115,259.098,18.1654
1.11615,316.926,20.0906
1.12115,349.981,21.1123
1.12615,391.84,22.3392
1.13115,450.591,23.9555
1.13615,480.811,24.7458
1.14115,519.182,25.7142
1.14615,559.899,26.7035
1.15115,548.08,26.4202
1.15615,624.033,28.1914
1.16115,666.115,29.1265
1.16615,675.804,29.3376
1.17115,726.138,30.4105
1.17615,726.718,30.4226
1.18115,762.745,31.1676
1.18615,799.13,31.9023
1.19115,830.92,32.5307
1.19615,903.282,33.9176
1.20115,836.256,32.635
1.20615,920.975,34.2482
1.21115,927.417,34.3678
1.21615,988.764,35.4862
1.22115,995.934,35.6147
1.22615,1033.72,36.2841
1.23115,1026.48,36.1566
1.23615,988.055,35.4735
1.24115,1045.06,36.4825
1.24615,1003.84,35.7558
1.25115,1027.79,36.1798
1.25615,995.272,35.6028
1.26115,1056.12,36.6749
1.26615,1080.78,37.1007
1.27115,1049.77,36.5645
1.27615,1026.52,36.1573
1.28115,1074.57,36.994
1.28615,1125.58,37.8618
1.29115,1067.74,36.8763
1.29615,1040.33,36.3998
1.30115,1042.38,36.4357
1.30615,1053.56,36.6306
1.31115,1050.98,36.5857
1.31615,999.836,35.6844
1.32115,1037.31,36.347
1.32615,1082.52,37.1306
1.33115,1129.98,37.9359
1.33615,1069.57,36.9079
1.34115,1022.04,36.0784
1.34615,1016.72,35.9844
1.35115,1070.78,36.9286
1.35615,1090.67,37.27
1.36115,1061.81,36.7736
1.36615,997.549,35.6435
1.37115,1015.8,35.9681
1.37615,1037.53,36.3508
1.38115,1039.65,36.3879
1.38615,1112.45,37.6403
1.39115,1060.22,36.7462
1.39615,1046.25,36.5033
1.40115,1106.42,37.5381
1.40615,1099.48,37.4203
1.41115,1103.63,37.4909
1.41615,1137.42,38.0605
1.42115,1063.15,36.7969
1.42615,1099.7,37.4241
1.43115,1090.04,37.2593
1.43615,1044.19,36.4672
1.44115,1092.86,37.3075
1.44615,1098.53,37.4041
1.45115,1025.52,36.1398
1.45615,1108.8,37.5786
1.46115,1072.82,36.9639
1.46615,1101.93,37.462
1.47115,1068.62,36.8914
1.47615,1104.46,37.505
1.48115,1096.51,37.3697
1.48615,1083.28,37.1436
1.49115,1119.11,37.7529
1.49615,1156.25,38.3743
1.50115,1162.35,38.4753
1.50615,1093.44,37.3174
1.51115,1125.29,37.857
1.51615,1127.13,37.8879
1.52115,1094.21,37.3306
1.52615,1123.27,37.823
1.53115,1127.54,37.8949
1.53615,1101.37,37.4524
1.54115,1100.18,37.4323
1.54615,1118.12,37.7362
1.55115,1153.14,38.3225
1.55615,1211.62,39.2822
1.56115,1228.97,39.5625
1.56615,1108.78,37.5781
1.57115,1192.45,38.9703
1.57615,1231.94,39.6104
1.58115,1194.29,39.0003
1.58615,1195.56,39.021
1.59115,1159.32,38.4252
1.59615,1267.92,40.1846
1.60115,1190.07,38.9314
1.60615,1246.76,39.8478
1.61115,1288.34,40.5068
1.61615,1155.63,38.3639
1.62115,1205.39,39.1811
1.62615,1189.97,38.9298
1.63115,1241.02,39.756
1.63615,1220.47,39.4254
1.64115,1238.28,39.7121
1.64615,1243.08,39.789
1.65115,1202.49,39.1341
1.65615,1212.79,39.3013
1.66115,1213.85,39.3184
1.66615,1249.32,39.8888
1.67115,1249.77,39.8959
1.67615,1247.82,39.8648
1.68115,1259.53,40.0514
1.68615,1325.68,41.0897
1.69115,1281.29,40.3959
1.69615,1339.49,41.3032
1.70115,1343.04,41.3579
1.70615,1299.75,40.6858
1.71115,1332.62,41.1971
1.71615,1312.13,40.8792
1.72115,1351.01,41.4804
1.72615,1246.11,39.8374
1.73115,1307.28,40.8035
1.73615,1272.32,40.2543
1.74115,1298.65,40.6687
1.74615,1307.92,40.8135
1.75115,1331.85,41.1851
1.75615,1345.91,41.402
1.76115,1339.66,41.3058
1.76615,1356.16,41.5593
1.77115,1316.14,40.9416
1.77615,1353.83,41.5236
1.78115,1397.88,42.1938
1.78615,1423.87,42.5843
1.79115,1409.35,42.3665
1.79615,1378.4,41.8988
1.80115,1451.19,42.9909
1.80615,1445.67,42.909
1.81115,1437.66,42.7899
1.81615,1444.2,42.8872
1.82115,1418.7,42.5069
1.82615,1468.59,43.2477
1.83115,1521.38,44.0183
1.83615,1548.48,44.4085
1.84115,1533.65,44.1954
1.84615,1525.24,44.074
1.85115,1502.96,43.751
1.85615,1516.51,43.9477
1.86115,1619.16,45.4107
1.86615,1618.32,45.399
1.87115,1567.99,44.6874
1.87615,1580.92,44.8713
1.88115,1617.61,45.389
1.88615,1597.78,45.1099
1.89115,1577.61,44.8243
1.89615,1528.72,44.1243
1.90115,1572.67,44.7541
1.90615,1643.45,45.7501
1.91115,1618.29,45.3985
1.91615,1597.57,45.1069
1.92115,1711.82,46.692
1.92615,1645.23,45.7748
1.93115,1636.63,45.6551
1.93615,1715.33,46.7399
1.94115,1667.19,46.0793
1.94615,1633.95,45.6176
1.95115,1742,47.1018
1.95615,1719.61,46.7981
1.96115,1687.19,46.3549
1.96615,1742.81,47.1127
1.97115,1731.71,46.9625
1.97615,1698.4,46.5087
1.98115,1817.39,48.1102
1.98615,1754.11,47.2653
1.99115,1765.84,47.423
1.99615,1825.34,48.2154
2.00115,1772.58,47.5134
2.00615,1762.94,47.384
2.01115,1726.33,46.8895
2.01615,1856.58,48.6262
2.02115,1836.38,48.3609
2.02615,1826.77,48.2342
2.03115,1774.2,47.5352
2.03615,1896.27,49.1433
2.04115,1910.89,49.3322
2.04615,1902.65,49.2259
2.05115,1869.23,48.7915
2.05615,1979.92,50.2154
2.06115,1997.11,50.433
2.06615,1894.71,49.123
2.07115,1973.74,50.137
2.07615,2035.33,50.9133
2.08115,2037.11,50.9356
2.08615,1991.24,50.3588
2.09115,1976.66,50.1742
2.09615,1957.54,49.9308
2.10115,2025.72,50.7929
2.10615,2036.79,50.9315
2.11115,2093.27,51.6329
2.11615,2121.57,51.9808
2.12115,2069.85,51.3432
2.12615,2109.28,51.8299
2.13115,2084.9,51.5296
2.13615,2146.88,52.2899
2.14115,2093.81,51.6395
2.14615,2232.5,53.3224
2.15115,2156.19,52.4031
2.15615,2211.55,53.0716
2.16115,2163.03,52.4862
2.16615,2300.95,54.1336
2.17115,2281,53.8984
2.17615,2187.77,52.7854
2.18115,2213.41,53.0939
2.18615,2296.34,54.0794
2.19115,2224.67,53.2288
2.19615,2341.48,54.6083
2.20115,2364.15,54.8721
2.20615,2426.54,55.5913
2.21115,2380.91,55.0662
2.21615,2328.81,54.4604
2.22115,2442.76,55.7768
2.22615,2405.96,55.3551
2.23115,2467.16,56.0547
2.23615,2504.69,56.4795
2.24115,2554.17,57.0346
2.24615,2491.17,56.3268
2.25115,2592.16,57.4572
2.25615,2569.52,57.2057
2.26115,2617.66,57.7391
2.26615,2534.26,56.8119
2.27115,2615.65,57.717
2.27615,2629.87,57.8736
2.28115,2606.46,57.6155
2.28615,2664.26,58.2508
2.29115,2672.83,58.3444
2.29615,2667.91,58.2906
2.30115,2733.54,59.0033
2.30615,2764.72,59.3388
2.31115,2851.27,60.2605
2.31615,2775.82,59.4579
2.32115,2805.18,59.7715
2.32615,2802.54,59.7434
2.33115,2726.55,58.9279
2.33615,2800.02,59.7165
2.34115,2803.56,59.7542
2.34615,2830.2,60.0375
2.35115,2890.67,60.6755
2.35615,2874.22,60.5025
2.36115,2977.82,61.5832
2.36615,2997.09,61.7822
2.37115,2998.97,61.8016
2.37615,3025.9,62.0784
2.38115,2921.86,61.0019
2.38615,2992.26,61.7324
2.39115,3005.83,61.8722
2.39615,3049.98,62.325
2.40115,3049.53,62.3204
2.40615,3058.75,62.4145
2.41115,3055.19,62.3781
2.41615,3135.33,63.191
2.42115,3110.73,62.9426
2.42615,3173.25,63.572
2.43115,3225.92,64.0974
2.43615,3136.94,63.2072
2.44115,3182.3,63.6626
2.44615,3182.35,63.6631
2.45115,3213.36,63.9725
2.45615,3210.27,63.9418
2.46115,3358.15,65.3979
2.46615,3339.56,65.2166
2.47115,3344.27,65.2625
2.47615,3319.78,65.0232
2.48115,3337.88,65.2002
2.48615,3388.92,65.6968
2.49115,3382.24,65.632
2.49615,3436.14,66.1529
2.50115,3478.32,66.5577
2.50615,3362.23,65.4376
2.51115,3370.36,65.5166
2.51615,3454.08,66.3254
2.52115,3403.6,65.839
2.52615,3392.62,65.7327
2.53115,3539.13,67.137
2.53615,3442.52,66.2143
2.54115,3440.66,66.1965
2.54615,3494.49,66.7122
2.55115,3457.21,66.3554
2.55615,3558.26,67.3181
2.56115,3435.34,66.1452
2.56615,3404.74,65.85
2.57115,3437.78,66.1687
2.57615,3453.33,66.3182
2.58115,3537.97,67.126
2.58615,3495.68,66.7236
2.59115,3445.84,66.2462
2.59615,3510.09,66.861
2.60115,3444.79,66.2361
2.60615,3565.22,67.384
2.61115,3491.01,66.679
2.61615,3482.46,66.5973
2.62115,3512.51,66.884
2.62615,3376.11,65.5725
2.63115,3477.95,66.5542
2.63615,3503.43,66.7975
2.64115,3387.38,65.6818
2.64615,3549.56,67.2359
2.65115,3422.65,66.023
2.65615,3558.47,67.3202
2.66115,3443.6,66.2247
2.66615,3402.58,65.829
2.67115,3463.91,66.4197
2.67615,3405.75,65.8597
2.68115,3443.32,66.222
2.68615,3407.98,65.8813
2.69115,3355.34,65.3705
2.69615,3458.41,66.3669
2.70115,3386.75,65.6758
2.70615,3427.1,66.0658
2.71115,3477.31,66.548
2.71615,3431.35,66.1068
2.72115,3529.34,67.0441
2.72615,3427.97,66.0743
2.73115,3472.89,66.5058
2.73615,3462.18,66.4031
2.74115,3295.91,64.789
2.74615,3431.3,66.1063
2.75115,3365.13,65.4658
2.75615,3386.85,65.6768
2.76115,3391.03,65.7172
2.76615,3481.61,66.5891
2.77115,3319.9,65.0244
2.77615,3329.84,65.1216
2.78115,3259.66,64.4317
2.78615,3279.48,64.6274
2.79115,3317.23,64.9982
2.79615,3309.48,64.9222
2.80115,3279.28,64.6253
2.80615,3242.53,64.2622
2.81115,3323.4,65.0587
2.81615,3271.11,64.5448
2.82115,3332.96,65.1522
2.82615,3329.5,65.1183
2.83115,3244.84,64.2851
2.83615,3252.22,64.3581
2.84115,3285.13,64.683
2.84615,3256.63,64.4018
2.85115,3135.45,63.1922
2.85615,3143.23,63.2706
2.86115,3180.69,63.6464
2.86615,3246.63,64.3028
2.87115,3175.86,63.5981
2.87615,3131.73,63.1547
2.88115,3146.88,63.3073
2.88615,3212.98,63.9687
2.89115,3157.87,63.4178
2.89615,3137.4,63.2119
2.90115,3220.89,64.0474
2.90615,3184.76,63.6872
2.91115,3205.53,63.8945
2.91615,3249.02,64.3265
2.92115,3292.27,64.7532
2.92615,3270.92,64.5429
2.93115,3239.58,64.233
2.93615,3200.34,63.8427
2.94115,3211.53,63.9543
2.94615,3113.26,62.9682
2.95115,3123.5,63.0716
2.95615,3196.01,63.7996
2.96115,3258.96,64.4248
2.96615,3171.06,63.55
2.97115,3143.95,63.2779
2.97615,3195.91,63.7986
2.98115,3073.14,62.5612
2.98615,3154.5,63.3839
2.99115,3244.84,64.2851
2.99615,3164.61,63.4854
3.00115,3160.1,63.4401
3.00615,3163.86,63.4778
3.01115,3051.22,62.3376
3.01615,3110.35,62.9388
3.02115,3112.25,62.958
3.02615,3095.06,62.7839
3.03115,3114.33,62.979
3.03615,3060.19,62.4292
3.04115,3171.11,63.5506
3.04615,3043.07,62.2543
3.05115,3121.99,63.0564
3.05615,3040.78,62.2309
3.06115,2994.25,61.753
3.06615,3031.92,62.1401
3.07115,3024.5,62.0641
3.07615,2972.17,61.5249
3.08115,3052.47,62.3504
3.08615,2984.29,61.6501
3.09115,2963.22,61.4321
3.09615,2995.83,61.7693
3.10115,2938.66,61.177
3.10615,2963.84,61.4386
3.11115,3004.49,61.8585
3.11615,3033.56,62.157
3.12115,2969.43,61.4965
3.12615,2911.78,60.8966
3.13115,2875.13,60.5121
3.13615,2928.33,61.0694
3.14115,2972.7,61.5303
3.14615,2919.61,60.9784
3.15115,2820.91,59.9389
3.15615,2930.55,61.0925
3.16115,2926.49,61.0502
3.16615,2770.48,59.4006
3.17115,2821.26,59.9426
3.17615,2866.23,60.4184
3.18115,2860.7,60.3601
3.18615,2830.59,60.0416
3.19115,2783.64,59.5415
3.19615,2771.55,59.4121
3.20115,2810.95,59.8329
3.20615,2844.81,60.1922
3.21115,2821.13,59.9412
3.21615,2839.15,60.1323
3.22115,2760.14,59.2897
3.22615,2726.79,58.9304
3.23115,2718.87,58.8447
3.23615,2687.67,58.5061
3.24115,2745.01,59.127
3.24615,2691.38,58.5465
3.25115,2691.21,58.5447
3.25615,2666.95,58.2802
3.26115,2671.92,58.3345
3.26615,2685.3,58.4804
3.27115,2681.02,58.4337
3.27615,2690.51,58.5371
3.28115,2735.52,59.0246
3.28615,2608.47,57.6377
3.29115,2628.68,57.8605
3.29615,2672.13,58.3367
3.30115,2660.59,58.2106
3.30615,2543.19,56.9119
3.31115,2586.47,57.3941
3.31615,2563.63,57.1402
3.32115,2668.58,58.298
3.32615,2582.98,57.3554
3.33115,2648.79,58.0814
3.33615,2574.81,57.2646
3.34115,2617.99,57.7428
3.34615,2634.29,57.9222
3.35115,2560.14,57.1012
3.35615,2604.47,57.5935
3.36115,2459.12,55.9633
3.36615,2589.79,57.431
3.37115,2564.76,57.1528
3.37615,2480.18,56.2024
3.38115,2544.71,56.9289
3.38615,2519.75,56.649
3.39115,2505.98,56.494
3.39615,2524.99,56.7079
3.40115,2482.04,56.2235
3.40615,2465.84,56.0398
3.41115,2486.95,56.2791
3.41615,2452.73,55.8906
3.42115,2397.67,55.2597
3.42615,2402.65,55.317
3.43115,2526.14,56.7208
3.43615,2396.17,55.2423
3.44115,2349.72,54.7044
3.44615,2510.01,56.5394
3.45115,2408.03,55.3789
3.45615,2406.72,55.3639
3.46115,2419.66,55.5125
3.46615,2392.93,55.2051
3.47115,2480.32,56.2041
3.47615,2370.44,54.9449
3.48115,2378.97,55.0437
3.48615,2374.61,54.9933
3.49115,2412.79,55.4337
3.49615,2436.6,55.7065
3.50115,2364.15,54.872
3.50615,2419.68,55.5128
3.51115,2355.84,54.7755
3.51615,2267.27,53.736
3.52115,2248.58,53.514
3.52615,2240.51,53.4179
3.53115,2275.64,53.8351
3.53615,2267.48,53.7385
3.54115,2281.22,53.9011
3.54615,2195.72,52.8813
3.55115,2328.41,54.4557
3.55615,2291.18,54.0185
3.56115,2298.13,54.1004
3.56615,2230.42,53.2975
3.57115,2201.29,52.9483
3.57615,2150.56,52.3346
3.58115,2173.03,52.6073
3.58615,2182.36,52.7202
3.59115,2260.01,53.6499
3.59615,2223.53,53.2151
3.60115,2246.44,53.4886
3.60615,2160.06,52.4502
3.61115,2212.08,53.0779
3.61615,2191.96,52.836
3.62115,2209.96,53.0525
3.62615,2133.07,52.1214
3.63115,2121.08,51.9748
3.63615,2119.08,51.9502
3.64115,2170.33,52.5746
3.64615,2138.93,52.193
3.65115,2159.46,52.4429
3.65615,2134.11,52.1341
3.66115,2113.25,51.8786
3.66615,2193.21,52.8511
3.67115,2130.56,52.0907
3.67615,2071.11,51.3588
3.68115,2106.68,51.7979
3.68615,2074.7,51.4034
3.69115,2069.62,51.3404
3.69615,2029.82,50.8443
3.70115,2069.05,51.3332
3.70615,2093.71,51.6383
3.71115,2115.69,51.9086
3.71615,2068.68,51.3287
3.72115,2130.89,52.0948
3.72615,2061.5,51.2395
3.73115,2091.98,51.617
3.73615,2054.08,51.1472
3.74115,2044.36,51.0261
3.74615,1965.58,50.0332
3.75115,1969.48,50.0829
3.75615,1960.14,49.964
3.76115,1904.65,49.2517
3.76615,2000.82,50.4798
3.77115,2019.05,50.7093
3.77615,1991.94,50.3677
3.78115,2013.92,50.6447
3.78615,1916.33,49.4024
3.79115,1984.03,50.2675
3.79615,1896.06,49.1405
3.80115,1912.5,49.3531
3.80615,1945.12,49.7721
3.81115,1852.03,48.5666
3.81615,1942.27,49.7358
3.82115,1951.13,49.8491
3.82615,1937.92,49.6799
3.83115,1861.03,48.6845
3.83615,1858.53,48.6518
3.84115,1893.33,49.1051
3.84615,1919.2,49.4395
3.85115,1870.68,48.8105
3.85615,1822.81,48.1819
3.86115,1817.2,48.1077
3.86615,1812.54,48.046
3.87115,1814.75,48.0753
3.87615,1768.44,47.458
3.88115,1776.52,47.5662
3.88615,1765.63,47.4201
3.89115,1785.16,47.6818
3.89615,1778.33,47.5905
3.90115,1746.77,47.1663
3.90615,1850.43,48.5456
3.91115,1852.79,48.5765
3.91615,1801.47,47.8991
3.92115,1789.02,47.7332
3.92615,1796.85,47.8377
3.93115,1796.81,47.837
3.93615,1809.15,48.0011
3.94115,1788.14,47.7215
3.94615,1754.2,47.2664
3.95115,1760.99,47.3579
3.95615,1737.09,47.0354
3.96115,1778.08,47.5872
3.96615,1699.46,46.5232
3.97115,1713.21,46.711
3.97615,1690.59,46.4016
3.98115,1768.08,47.4531
3.98615,1724.54,46.8652
3.99115,1712.05,46.6952
3.99615,1668.67,46.0998
4.00115,1745.8,47.1531
4.00615,1708.47,46.6463
4.01115,1709.37,46.6586
4.01615,1736.24,47.0239
4.02115,1701.58,46.5521
4.02615,1640.44,45.7082
4.03115,1660.11,45.9814
4.03615,1613.63,45.3332
4.04115,1585.17,44.9315
4.04615,1543.43,44.3361
4.05115,1581.07,44.8735
4.05615,1598.73,45.1233
4.06115,1652.43,45.875
4.06615,1692.78,46.4316
4.07115,1685.05,46.3255
4.07615,1693.02,46.4349
4.08115,1670.06,46.119
4.08615,1686.95,46.3516
4.09115,1685.51,46.3319
4.09615,1724.84,46.8693
4.10115,1684.35,46.3159
4.10615,1697.43,46.4953
4.11115,1728.17,46.9145
4.11615,1630.19,45.5651
4.12115,1630.44,45.5686
4.12615,1624.38,45.4839
4.13115,1615.59,45.3607
4.13615,1649.38,45.8325
4.14115,1613.27,45.3281
4.14615,1626.49,45.5135
4.15115,1580.53,44.8658
4.15615,1593.64,45.0514
4.16115,1574.62,44.7818
4.16615,1647.92,45.8123
4.17115,1634.51,45.6255
4.17615,1600.51,45.1485
4.18115,1627.66,45.5298
4.18615,1621.73,45.4468
4.19115,1651.96,45.8684
4.19615,1633.22,45.6075
4.20115,1586.91,44.9562
4.20615,1666.99,46.0766
4.21115,1614.79,45.3494
4.21615,1598.62,45.1218
4.22115,1558.27,44.5487
4.22615,1623.27,45.4683
4.23115,1560.9,44.5863
4.23615,1576.81,44.8129
4.24115,1570.37,44.7213
4.24615,1631.18,45.579
4.25115,1552.71,44.4692
4.25615,1512.42,43.8884
4.26115,1508.01,43.8243
4.26615,1537.29,44.2478
4.27115,1523.54,44.0495
4.27615,1566.5,44.6662
4.28115,1571.8,44.7417
4.28615,1550.69,44.4402
4.29115,1492.45,43.5977
4.29615,1512.46,43.889
4.30115,1514.51,43.9187
4.30615,1521.8,44.0242
4.31115,1480.49,43.4226
4.31615,1516.17,43.9428
4.32115,1471.44,43.2897
4.32615,1482.56,43.4531
4.33115,1455.53,43.0551
4.33615,1502.58,43.7455
4.34115,1478,43.3862
4.34615,1474.04,43.3279
4.35115,1488.4,43.5385
4.35615,1519.53,43.9914
4.36115,1526.41,44.091
4.36615,1455.6,43.056
4.37115,1460.46,43.1279
4.37615,1510.4,43.8591
4.38115,1477.77,43.3827
4.38615,1474.62,43.3365
4.39115,1530.47,44.1496
4.39615,1523.01,44.0419
4.40115,1510.18,43.8559
4.40615,1495.62,43.6439
4.41115,1508.41,43.8301
4.41615,1463.16,43.1678
4.42115,1398.36,42.2011
4.42615,1481.51,43.4376
4.43115,1552.12,44.4607
4.43615,1516.77,43.9514
4.44115,1510.35,43.8584
4.44615,1486.9,43.5165
4.45115,1478.06,43.387
4.45615,1451.9,43.0013
4.46115,1437.49,42.7874
4.46615,1412.02,42.4066
4.47115,1389.62,42.069
4.47615,1428.49,42.6532
4.48115,1454.25,43.0361
4.48615,1467.78,43.2358
4.49115,1514.42,43.9174
4.49615,1490.79,43.5734
4.50115,1501.93,43.7359
4.50615,1441.41,42.8458
4.51115,1456.51,43.0695
4.51615,1394.91,42.1489
4.52115,1405.72,42.312
4.52615,1377.83,41.8901
4.53115,1403.09,42.2723
4.53615,1411.17,42.3939
4.54115,1383.44,41.9753
4.54615,1381.89,41.9517
4.55115,1421.31,42.546
4.55615,1337.57,41.2735
4.56115,1402.6,42.2649
4.56615,1415.8,42.4634
4.57115,1444.99,42.8988
4.57615,1434.67,42.7454
4.58115,1333.18,41.2058
4.58615,1378.8,41.9049
4.59115,1359.71,41.6138
4.59615,1329.35,41.1466
4.60115,1323.95,41.0629
4.60615,1339.24,41.2993
4.61115,1341.8,41.3388
4.61615,1391.53,42.0979
4.62115,1360.86,41.6314
4.62615,1326.85,41.1079
4.63115,1342.5,41.3495
4.63615,1299.35,40.6795
4.64115,1256.46,40.0026
4.64615,1294.66,40.6061
4.65115,1294.36,40.6014
4.65615,1261.13,40.0768
4.66115,1323.36,41.0538
4.66615,1236.82,39.6887
4.67115,1282.99,40.4228
4.67615,1236.96,39.691
4.68115,1250.35,39.9052
4.68615,1258.39,40.0334
4.69115,1269.06,40.2026
4.69615,1283.93,40.4375
4.70115,1253.28,39.9519
4.70615,1288.2,40.5047
4.71115,1220.78,39.4305
4.71615,1206.99,39.2072
4.72115,1180.28,38.7709
4.72615,1198.46,39.0684
4.73115,1269.28,40.2062
4.73615,1258.53,40.0355
4.74115,1281.79,40.4038
4.74615,1208.39,39.23
4.75115,1301.6,40.7147
4.75615,1252.15,39.9339
4.76115,1214.78,39.3335
4.76615,1203.25,39.1464
4.77115,1233.27,39.6317
4.77615,1252.4,39.938
4.78115,1317.92,40.9693
4.78615,1328.15,41.1279
4.79115,1274.85,40.2943
4.79615,1211.75,39.2843
4.80115,1166.55,38.5447
4.80615,1228.84,39.5605
4.81115,1211.15,39.2746
4.81615,1224.27,39.4869
4.82115,1212.84,39.3021
4.82615,1191.21,38.9499
4.83115,1149.84,38.2677
4.83615,1201.81,39.123
4.84115,1287.23,40.4895
4.84615,1226.47,39.5223
4.85115,1160.84,38.4503
4.85615,1164.45,38.51
4.86115,1168.52,38.5773
4.86615,1201.47,39.1174
4.87115,1207.8,39.2204
4.87615,1159.11,38.4217
4.88115,1146.77,38.2166
4.88615,1169.43,38.5923
4.89115,1130.41,37.9429
4.89615,1151.94,38.3027
4.90115,1155.26,38.3578
4.90615,1111.94,37.6317
4.91115,1111.87,37.6305
4.91615,1161.79,38.4661
4.92115,1163.93,38.5015
4.92615,1134.23,38.007
4.93115,1171.7,38.6298
4.93615,1142.54,38.146
4.94115,1148.41,38.244
4.94615,1122,37.8016
4.95115,1119.11,37.7529
4.95615,1077.88,37.0509
4.96115,1107.59,37.558
4.96615,1132.96,37.9858
4.97115,1118.87,37.7488
4.97615,1074.93,37.0002
4.98115,1067.08,36.8648
4.98615,1101.11,37.448
4.99115,1103.47,37.4882
4.99615,1110.68,37.6104
5.00115,1019.36,36.0311
5.00615,1052.39,36.6102
5.01115,1082.76,37.1347
5.01615,1107.89,37.5631
5.02115,1098.62,37.4056
5.02615,1050.82,36.5828
5.03115,1099.88,37.4272
5.03615,1086.54,37.1994
5.04115,1088.46,37.2324
5.04615,1048.3,36.539
5.05115,1084.28,37.1607
5.05615,1066.82,36.8603
5.06115,1047.8,36.5303
5.06615,1071.22,36.9362
5.07115,995.118,35.6001
5.07615,1017.14,35.9918
5.08115,1027.01,36.1661
5.08615,1049.2,36.5547
5.09115,1058.34,36.7135
5.09615,1046.25,36.5032
5.10115,1042.94,36.4455
5.10615,1038.85,36.374
5.11115,1028,36.1835
5.11615,973.809,35.2169
5.12115,980.271,35.3335
5.12615,947.289,34.734
5.13115,947.908,34.7454
5.13615,962.912,35.0192
5.14115,995.253,35.6025
5.14615,1024.47,36.1212
5.15115,937.542,34.5548
5.15615,934.25,34.4941
5.16115,937.482,34.5538
5.16615,974.192,35.2238
5.17115,951.689,34.8146
5.17615,971.497,35.175
5.18115,958.769,34.9438
5.18615,965.439,35.0652
5.19115,925.848,34.3387
5.19615,956.198,34.897
5.20115,901.359,33.8815
5.20615,933.47,34.4797
5.21115,948.741,34.7606
5.21615,913.335,34.1058
5.22115,884.272,33.5588
5.22615,898.668,33.8309
5.23115,878.456,33.4483
5.23615,888.881,33.6461
5.24115,859.408,33.0836
5.24615,920.934,34.2474
5.25115,867.586,33.2407
5.25615,905.71,33.9632
5.26115,849.943,32.901
5.26615,881.532,33.5068
5.27115,907.317,33.9933
5.27615,893.676,33.7368
5.28115,876.951,33.4196
5.28615,857.335,33.0437
5.29115,896.974,33.799
5.29615,888.053,33.6305
5.30115,887.792,33.6255
5.30615,804.217,32.0037
5.31115,828.165,32.4767
5.31615,844.783,32.8009
5.32115,847.106,32.846
5.32615,847.715,32.8578
5.33115,879.964,33.477
5.33615,851.476,32.9306
5.34115,820.791,32.3318
5.34615,842.881,32.764
5.35115,820.03,32.3168
5.35615,806.248,32.0441
5.36115,790.498,31.7295
5.36615,826.201,32.4382
5.37115,845.299,32.811
5.37615,836.343,32.6367
5.38115,817.581,32.2685
5.38615,809.074,32.1002
5.39115,776.758,31.4526
5.39615,798.929,31.8983
5.40115,811.133,32.141
5.40615,850.015,32.9024
5.41115,831.487,32.5418
5.41615,788.763,31.6947
5.42115,797.915,31.8781
5.42615,805.707,32.0333
5.43115,793.241,31.7845
5.43615,758.492,31.0806
5.44115,818.068,32.2781
5.44615,776.682,31.451
5.45115,780.212,31.5224
5.45615,829.213,32.4973
5.46115,793,31.7797
5.46615,781.826,31.555
5.47115,766.736,31.249
5.47615,753.227,30.9725
5.48115,748.053,30.866
5.48615,745.384,30.8108
5.49115,787.122,31.6617
5.49615,770.668,31.3291
5.50115,803.932,31.998
5.50615,767.877,31.2723
5.51115,742.221,30.7454
5.51615,740.174,30.703
5.52115,742.704,30.7554
5.52615,737.596,30.6495
5.53115,702.794,29.9177
5.53615,703.788,29.9388
5.54115,736.627,30.6293
5.54615,732.757,30.5488
5.55115,718.903,30.2586
5.55615,708.089,30.0301
5.56115,699.573,29.849
5.56615,712.23,30.1178
5.57115,760.2,31.1156
5.57615,764.404,31.2015
5.58115,708.921,30.0478
5.58615,723.372,30.3525
5.59115,706.566,29.9978
5.59615,660.302,28.9991
5.60115,697.646,29.8079
5.60615,706.804,30.0029
5.61115,656.576,28.9172
5.61615,700.968,29.8788
5.62115,672.699,29.2701
5.62615,704.041,29.9442
5.63115,673.618,29.2901
5.63615,682.023,29.4722
5.64115,682.02,29.4722
5.64615,709.487,30.0598
5.65115,693.739,29.7243
5.65615,724.95,30.3856
5.66115,673.038,29.2775
5.66615,666.866,29.1429
5.67115,658.533,28.9603
5.67615,672.422,29.264
5.68115,674.998,29.3201
5.68615,670.119,29.2139
5.69115,667.417,29.1549
5.69615,669.138,29.1925
5.70115,669.338,29.1969
5.70615,654.835,28.8788
5.71115,661.171,29.0182
5.71615,625.544,28.2256
5.72115,668.986,29.1892
5.72615,647.199,28.71
5.73115,634.643,28.4301
5.73615,661.918,29.0346
5.74115,643.291,28.6231
5.74615,619.565,28.0903
5.75115,589.52,27.4008
5.75615,620.078,28.102
5.76115,598.159,27.6008
5.76615,645.911,28.6814
5.77115,600.025,27.6438
5.77615,598.722,27.6138
5.78115,645.553,28.6734
5.78615,608.286,27.8335
5.79115,582.923,27.247
5.79615,636.756,28.4774
5.80115,614.563,27.9767
5.80615,596.456,27.5615
5.81115,596.729,27.5678
5.81615,590.385,27.4209
5.82115,604.814,27.7539
5.82615,583.271,27.2552
5.83115,596.827,27.5701
5.83615,616.101,28.0117
5.84115,602.698,27.7053
5.84615,614.808,27.9823
5.85115,580.089,27.1807
5.85615,602.966,27.7115
5.86115,592.85,27.478
5.86615,583.28,27.2554
5.87115,623.754,28.1852
5.87615,625.915,28.2339
5.88115,596.598,27.5648
5.88615,575.528,27.0737
5.89115,603.612,27.7263
5.89615,584.696,27.2884
5.90115,549.579,26.4563
5.90615,570.193,26.9479
5.91115,551.145,26.4939
5.91615,562.77,26.7719
5.92115,545.239,26.3516
5.92615,551.458,26.5015
5.93115,562.015,26.7539
5.93615,616.596,28.023
5.94115,537.125,26.1548
5.94615,554.166,26.5665
5.95115,569.672,26.9356
5.95615,558.372,26.6671
5.96115,542.661,26.2892
5.96615,552.179,26.5188
5.97115,539.097,26.2028
5.97615,543.796,26.3167
5.98115,539.661,26.2165
5.98615,559.075,26.6839
5.99115,510.371,25.4951
5.99615,524.098,25.8357
6.00115,549.926,26.4646
6.00615,559.104,26.6845
6.01115,535.974,26.1268
6.01615,557.63,26.6494
6.02115,530.592,25.9952
6.02615,492.131,25.0354
6.03115,513.329,25.5689
6.03615,539.711,26.2177
6.04115,500.011,25.235
6.04615,496.131,25.1369
6.05115,489.784,24.9756
6.05615,492.439,25.0432
6.06115,517.88,25.682
6.06615,519.938,25.7329
6.07115,506.01,25.3859
6.07615,494.986,25.1079
6.08115,540.379,26.2339
6.08615,494.553,25.0969
6.09115,496.022,25.1341
6.09615,478.04,24.6743
6.10115,497.395,25.1689
6.10615,518.582,25.6994
6.11115,539.777,26.2193
6.11615,506.422,25.3963
6.12115,481.989,24.7761
6.12615,491.999,25.032
6.13115,484.158,24.8317
6.13615,437.384,23.6018
6.14115,450.443,23.9515
6.14615,491.536,25.0202
6.15115,479.478,24.7114
6.15615,453.961,24.0449
6.16115,503.73,25.3287
6.16615,460.603,24.2202
6.17115,467.44,24.3992
6.17615,504.303,25.3431
6.18115,516.773,25.6545
6.18615,506.971,25.41
6.19115,470.625,24.4822
6.19615,478.683,24.6909
6.20115,450.363,23.9494
6.20615,466.151,24.3656
6.21115,445.836,23.8288
6.21615,472.219,24.5237
6.22115,467.23,24.3938
6.22615,469.592,24.4553
6.23115,459.924,24.2023
6.23615,433.116,23.4864
6.24115,439.896,23.6695
6.24615,428.556,23.3624
6.25115,465.945,24.3602
6.25615,461.879,24.2537
6.26115,459.202,24.1833
6.26615,457.687,24.1434
6.27115,414.661,22.9805
6.27615,446.041,23.8342
6.28115,432.066,23.4579
6.28615,431.133,23.4325
6.29115,419.688,23.1194
6.29615,416.768,23.0389
6.30115,421.167,23.1601
6.30615,422.232,23.1894
6.31115,425.285,23.2731
6.31615,392.912,22.3698
6.32115,404.1,22.686
6.32615,403.708,22.675
6.33115,424.989,23.265
6.33615,432.511,23.47
6.34115,421.457,23.1681
6.34615,403.896,22.6803
6.35115,401.524,22.6136
6.35615,377.755,21.9341
6.36115,411.278,22.8866
6.36615,411.276,22.8865
6.37115,392.783,22.3661
6.37615,422.525,23.1974
6.38115,432.649,23.4737
6.38615,419.544,23.1154
6.39115,420.021,23.1286
6.39615,415.934,23.0158
6.40115,389.284,22.2662
6.40615,388.861,22.2541
6.41115,411.253,22.8859
6.41615,385.562,22.1595
6.42115,395.631,22.447
6.42615,402.585,22.6435
6.43115,404.247,22.6901
6.43615,388.672,22.2487
6.44115,409.29,22.8312
6.44615,406.126,22.7428
6.45115,396.425,22.4695
6.45615,362.872,21.4976
6.46115,360.633,21.4312
6.46615,422.805,23.2051
6.47115,402.234,22.6336
6.47615,373.665,21.815
6.48115,393.315,22.3812
6.48615,390.681,22.3062
6.49115,369.918,21.7053
6.49615,371.724,21.7583
6.50115,410.755,22.8721
6.50615,380.988,22.0277
6.51115,409.821,22.846
6.51615,380.625,22.0172
6.52115,407.129,22.7709
6.52615,381.096,22.0308
6.53115,381.734,22.0493
6.53615,352.436,21.1862
6.54115,371.536,21.7527
6.54615,357.564,21.3398
6.55115,366.319,21.5995
6.55615,342.147,20.8747
6.56115,353.487,21.2178
6.56615,356.204,21.2992
6.57115,388.943,22.2565
6.57615,324.09,20.3164
6.58115,327.447,20.4213
6.58615,376.191,21.8886
6.59115,343.995,20.931
6.59615,361.934,21.4698
6.60115,359.848,21.4079
6.60615,353.926,21.231
6.61115,342.957,20.8994
6.61615,329.289,20.4787
6.62115,361.605,21.46
6.62615,381.987,22.0566
6.63115,337.521,20.7331
6.63615,353.551,21.2197
6.64115,345.968,20.9909
6.64615,356.035,21.2941
6.65115,331.555,20.549
6.65615,338.496,20.763
6.66115,338.716,20.7698
6.66615,334.561,20.642
6.67115,334.865,20.6514
6.67615,332.267,20.5711
6.68115,323.998,20.3135
6.68615,307.365,19.7852
6.69115,302.872,19.6401
6.69615,322.285,20.2597
6.70115,326.398,20.3886
6.70615,354.685,21.2537
6.71115,319.979,20.1871
6.71615,316.968,20.0919
6.72115,329.044,20.4711
6.72615,310.704,19.8924
6.73115,315.336,20.0401
6.73615,322.2,20.257
6.74115,324.99,20.3446
6.74615,331.732,20.5545
6.75115,320.744,20.2112
6.75615,307.411,19.7867
6.76115,312.831,19.9604
6.76615,300.463,19.5618
6.77115,313.356,19.9771
6.77615,306.074,19.7436
6.78115,295.679,19.4055
6.78615,315.598,20.0484
6.79115,302.661,19.6332
6.79615,319.678,20.1776
6.80115,336.44,20.6999
6.80615,324.621,20.333
6.81115,314.091,20.0005
6.81615,317.499,20.1087
6.82115,274.427,18.6951
6.82615,278.664,18.8388
6.83115,326.406,20.3888
6.83615,321.531,20.236
6.84115,305.055,19.7107
6.84615,308.029,19.8066
6.85115,301.329,19.59
6.85615,291.966,19.2832
6.86115,286.854,19.1137
6.86615,320.964,20.2182
6.87115,313.491,19.9814
6.87615,309.858,19.8653
6.88115,291.267,19.2601
6.88615,280.848,18.9125
6.89115,297.553,19.4668
6.89615,256.488,18.0737
6.90115,276.276,18.7579
6.90615,272.706,18.6363
6.91115,293.851,19.3454
6.91615,274.415,18.6947
6.92115,281.141,18.9224
6.92615,294.61,19.3703
6.93115,278.904,18.847
6.93615,292.94,19.3154
6.94115,303.07,19.6465
6.94615,331.657,20.5522
6.95115,268.195,18.4816
6.95615,264.877,18.3669
6.96115,276.915,18.7796
6.96615,297.347,19.4601
6.97115,267.014,18.4408
6.97615,310.866,19.8976
6.98115,294.386,19.363
6.98615,290.129,19.2225
6.99115,281.289,18.9273
6.99615,260.059,18.1991
7.00115,266.321,18.4169
7.00615,265.522,18.3892
7.01115,282.932,18.9826
7.01615,265.086,18.3741
7.02115,265.778,18.3981
7.02615,270.394,18.5572
7.03115,268.509,18.4924
7.03615,251.754,17.9061
7.04115,268.562,18.4942
7.04615,267.693,18.4643
7.05115,260.306,18.2077
7.05615,240.171,17.4894
7.06115,276.268,18.7577
7.06615,264.886,18.3672
7.07115,236.32,17.3486
7.07615,234.488,17.2812
7.08115,264.701,18.3608
7.08615,271.322,18.589
7.09115,249.291,17.8183
7.09615,262.518,18.2849
7.10115,281.78,18.9439
7.10615,241.898,17.5521
7.11115,225.918,16.9625
7.11615,215.04,16.5491
7.12115,237.942,17.408
7.12615,244.414,17.6432
7.13115,243.824,17.6219
7.13615,251.775,17.9069
7.14115,240.575,17.504
7.14615,234.542,17.2832
7.15115,233.638,17.2498
7.15615,246.926,17.7336
7.16115,257.066,18.0941
7.16615,252.481,17.932
7.17115,258.817,18.1556
7.17615,250.056,17.8456
7.18115,260.727,18.2224
7.18615,275.331,18.7258
7.19115,269.93,18.5413
7.19615,232.21,17.1971
7.20115,236.331,17.349
7.20615,216.583,16.6083
7.21115,245.991,17.7
7.21615,259.914,18.194
7.22115,252.703,17.9398
7.22615,246.843,17.7306
7.23115,242.067,17.5583
7.23615,226.53,16.9854
7.24115,220.164,16.7451
7.24615,231.811,17.1823
7.25115,230.392,17.1296
7.25615,215.836,16.5797
7.26115,234.067,17.2657
7.26615,235.109,17.3041
7.27115,219.353,16.7142
7.27615,240.982,17.5189
7.28115,228.486,17.0586
7.28615,246.465,17.717
7.29115,244.07,17.6308
7.29615,201.266,16.0103
7.30115,219.955,16.7371
7.30615,235.924,17.334
7.31115,226.511,16.9847
7.31615,231.536,17.1721
7.32115,233.781,17.2551
7.32615,240.27,17.493
7.33115,205.802,16.1897
7.33615,202.212,16.0478
7.34115,207.517,16.257
7.34615,212.134,16.4368
7.35115,223.812,16.8832
7.35615,213.649,16.4955
7.36115,216.97,16.6232
7.36615,216.254,16.5957
7.37115,198.934,15.9172
7.37615,222.643,16.8391
7.38115,216.954,16.6225
7.38615,197.884,15.8752
7.39115,224.695,16.9165
7.39615,222.493,16.8334
7.40115,197.526,15.8608
7.40615,206.736,16.2264
7.41115,224.793,16.9202
7.41615,215.752,16.5764
7.42115,199.406,15.9361
7.42615,225.629,16.9516
7.43115,212.196,16.4393
7.43615,221.766,16.8059
7.44115,235.363,17.3134
7.44615,218.546,16.6834
7.45115,192.853,15.6721
7.45615,204.961,16.1566
7.46115,232.379,17.2033
7.46615,217.879,16.658
7.47115,208.704,16.3034
7.47615,218.698,16.6892
7.48115,225.76,16.9565
7.48615,214.112,16.5133
7.49115,205.97,16.1963
7.49615,199.681,15.9471
7.50115,194.116,15.7233
7.50615,205.912,16.194
7.51115,199.097,15.9238
7.51615,195.981,15.7987
7.52115,200.467,15.9784
7.52615,207.562,16.2588
7.53115,187.299,15.4448
7.53615,196.837,15.8332
7.54115,198.2,15.8879
7.54615,180.53,15.1631
7.55115,192.078,15.6406
7.55615,220.461,16.7563
7.56115,208.818,16.3079
7.56615,180.329,15.1547
7.57115,191.858,15.6316
7.57615,197.172,15.8466
7.58115,178.369,15.0721
7.58615,186.902,15.4284
7.59115,195.94,15.797
7.59615,220.385,16.7535
7.60115,194.285,15.7302
7.60615,202.492,16.0589
7.61115,170.646,14.7422
7.61615,181.147,15.189
7.62115,204.392,16.1341
7.62615,192.668,15.6646
7.63115,189.077,15.5179
7.63615,182.845,15.26
7.64115,189.875,15.5506
7.64615,192.314,15.6502
7.65115,192.796,15.6698
7.65615,191.113,15.6012
7.66115,209.427,16.3317
7.66615,209.611,16.3388
7.67115,171.808,14.7923
7.67615,175.289,14.9414
7.68115,182.637,15.2513
7.68615,184,15.3081
7.69115,186.063,15.3937
7.69615,179.407,15.1159
7.70115,157.619,14.1683
7.70615,185.462,15.3688
7.71115,173.361,14.859
7.71615,174.49,14.9073
7.72115,192.517,15.6584
7.72615,190.882,15.5918
7.73115,172.088,14.8043
7.73615,170.484,14.7352
7.74115,175.15,14.9355
7.74615,175.701,14.9589
7.75115,168.988,14.6704
7.75615,180.31,15.1539
7.76115,178.508,15.0779
7.76615,163.207,14.4172
7.77115,175.178,14.9367
7.77615,173.365,14.8591
7.78115,180.34,15.1551
7.78615,190.946,15.5944
7.79115,178.648,15.0839
7.79615,176.212,14.9807
7.80115,160.668,14.3047
7.80615,168.273,14.6393
7.81115,177.373,15.0299
7.81615,166.939,14.5812
7.82115,160.531,14.2986
7.82615,166.457,14.5601
7.83115,169.528,14.6938
7.83615,167.821,14.6197
7.84115,170.516,14.7366
7.84615,178.283,15.0684
7.85115,144.552,13.5683
7.85615,197.835,15.8732
7.86115,190.763,15.5869
7.86615,136.95,13.2067
7.87115,145.772,13.6254
7.87615,177.815,15.0487
7.88115,172.175,14.8081
7.88615,176.744,15.0033
7.89115,154.768,14.0396
7.89615,186.616,15.4166
7.90115,168.78,14.6614
7.90615,162.077,14.3672
7.91115,159.899,14.2704
7.91615,170.765,14.7473
7.92115,155.982,14.0945
7.92615,143.93,13.5391
7.93115,156.774,14.1303
7.93615,136.764,13.1977
7.94115,136.129,13.1671
7.94615,153.193,13.968
7.95115,143.963,13.5406
7.95615,169.551,14.6948
7.96115,171.794,14.7917
7.96615,165.176,14.504
7.97115,171.638,14.785
7.97615,181.907,15.2208
7.98115,141.046,13.4027
7.98615,145.663,13.6203
7.99115,143.294,13.5091
7.99615,138.245,13.269
8.00115,158.774,14.2201
8.00615,140.971,13.3992
8.01115,142.682,13.4803
8.01615,165.848,14.5335
8.02115,142.183,13.4566
8.02615,144.442,13.5631
8.03115,131.933,12.9626
8.03615,153.988,14.0042
8.04115,148.674,13.7604
8.04615,144.619,13.5714
8.05115,143.61,13.524
8.05615,169.181,14.6788
8.06115,151.101,13.8723
8.06615,154.716,14.0372
8.07115,151.722,13.9007
8.07615,155.299,14.0637
8.08115,147.677,13.7142
8.08615,134.094,13.0683
8.09115,153.678,13.99
8.09615,126.144,12.675
8.10115,154.454,14.0253
8.10615,154.773,14.0398
8.11115,140.412,13.3726
8.11615,155.385,14.0675
8.12115,142.351,13.4646
8.12615,149.737,13.8095
8.13115,140.354,13.3698
8.13615,141.818,13.4394
8.14115,146.26,13.6482
8.14615,154.149,14.0115
8.15115,134.116,13.0693
8.15615,161.726,14.3517
8.16115,133,13.0148
8.16615,134.536,13.0898
8.17115,135.394,13.1315
8.17615,156.113,14.1004
8.18115,124.369,12.5855
8.18615,146.64,13.666
8.19115,148.511,13.7529
8.19615,152.045,13.9155
8.20115,139.301,13.3196
8.20615,145.879,13.6304
8.21115,146.226,13.6466
8.21615,142.261,13.4604
8.22115,136.558,13.1878
8.22615,133.383,13.0336
8.23115,124.334,12.5837
8.23615,145.043,13.5913
8.24115,131.509,12.9417
8.24615,121.421,12.4354
8.25115,135.449,13.1341
8.25615,126.453,12.6905
8.26115,139.452,13.3268
8.26615,128.176,12.7767
8.27115,133.275,13.0283
8.27615,122.043,12.4673
8.28115,120.213,12.3734
8.28615,126.717,12.7037
8.29115,127.79,12.7574
8.29615,121.518,12.4404
8.30115,124.038,12.5687
8.30615,120.402,12.3831
8.31115,117.235,12.2192
8.31615,100.467,11.3117
8.32115,111.471,11.915
8.32615,122.861,12.509
8.33115,130.76,12.9048
8.33615,137.169,13.2173
8.34115,135.736,13.148
8.34615,139.398,13.3242
8.35115,142.702,13.4812
8.35615,144.583,13.5698
8.36115,140.665,13.3846
8.36615,115.693,12.1386
8.37115,127.292,12.7325
8.37615,124.67,12.6007
8.38115,132.005,12.9661
8.38615,140.158,13.3605
8.39115,138.076,13.2609
8.39615,138.119,13.2629
8.40115,119.22,12.3222
8.40615,128.468,12.7912
8.41115,133.189,13.0241
8.41615,128.488,12.7922
8.42115,137.341,13.2256
8.42615,127.96,12.7659
8.43115,134.161,13.0715
8.43615,113.762,12.0369
8.44115,123.699,12.5515
8.44615,115.35,12.1205
8.45115,140.103,13.3579
8.45615,131.044,12.9188
8.46115,129.29,12.832
8.46615,140.878,13.3947
8.47115,143.394,13.5139
8.47615,136.127,13.167
8.48115,122.585,12.4949
8.48615,142.825,13.487
8.49115,116.995,12.2067
8.49615,130.517,12.8928
8.50115,117.559,12.2361
8.50615,110.559,11.8662
8.51115,115.079,12.1063
8.51615,111.589,11.9213
8.52115,113.991,12.0489
8.52615,110.577,11.8671
8.53115,119.868,12.3556
8.53615,126.838,12.7098
8.54115,115.794,12.1438
8.54615,110.349,11.8549
8.55115,108.319,11.7454
8.55615,110.179,11.8458
8.56115,108.401,11.7498
8.56615,119.054,12.3136
8.57115,115.289,12.1173
8.57615,84.3793,10.3665
8.58115,125.38,12.6365
8.58615,131.409,12.9368
8.59115,137.151,13.2164
8.59615,126.359,12.6858
8.60115,124.456,12.5899
8.60615,118.538,12.2869
8.61115,115.641,12.1359
8.61615,130.062,12.8703
8.62115,119.407,12.3319
8.62615,113.772,12.0374
8.63115,110.925,11.8858
8.63615,116.269,12.1687
8.64115,108.741,11.7682
8.64615,107.84,11.7194
8.65115,98.3344,11.1909
8.65615,106.271,11.6338
8.66115,111.962,11.9412
8.66615,99.8078,11.2745
8.67115,116.701,12.1913
8.67615,106.246,11.6324
8.68115,100.68,11.3236
8.68615,117.317,12.2235
8.69115,119.652,12.3445
8.69615,108.072,11.732
8.70115,111.983,11.9423
8.70615,108.089,11.7329
8.71115,119.417,12.3324
8.71615,104.132,11.5161
8.72115,107.62,11.7074
8.72615,113.921,12.0453
8.73115,107.673,11.7103
8.73615,108.242,11.7411
8.74115,126.743,12.705
8.74615,110.561,11.8663
8.75115,100.385,11.307
8.75615,103.099,11.4588
8.76115,108.824,11.7727
8.76615,101.87,11.3903
8.77115,101.047,11.3442
8.77615,92.3289,10.8438
8.78115,87.4359,10.5526
8.78615,116.844,12.1988
8.79115,117.93,12.2553
8.79615,112.345,11.9616
8.80115,107.328,11.6915
8.80615,118.051,12.2616
8.81115,109.92,11.8318
8.81615,111.426,11.9126
8.82115,103.908,11.5037
8.82615,101.755,11.3839
8.83115,118.993,12.3105
8.83615,107.605,11.7066
8.84115,91.7764,10.8113
8.84615,123.657,12.5494
8.85115,106.26,11.6332
8.85615,103.942,11.5056
8.86115,112.253,11.9567
8.86615,97.8922,11.1657
8.87115,96.0705,11.0614
8.87615,91.409,10.7897
8.88115,101.847,11.3891
8.88615,95.3245,11.0183
8.89115,108.888,11.7761
8.89615,102.834,11.4441
8.90115,92.9943,10.8828
8.90615,108.46,11.753
8.91115,109.26,11.7963
8.91615,87.3955,10.5501
8.92115,90.148,10.715
8.92615,87.0006,10.5263
8.93115,100.736,11.3268
8.93615,81.2012,10.1694
8.94115,89.7066,10.6887
8.94615,94.7572,10.9855
8.95115,87.8715,10.5788
8.95615,92.4473,10.8508
8.96115,76.4343,9.86638
8.96615,91.5919,10.8005
8.97115,102.804,11.4424
8.97615,103.53,11.4828
8.98115,87.2507,10.5414
8.98615,89.8955,10.7
8.99115,96.4103,11.0809
8.99615,105.066,11.5676
9.00115,107.265,11.6881
9.00615,103.448,11.4782
9.01115,85.6769,10.4459
9.01615,102.942,11.4501
9.02115,99.7037,11.2686
9.02615,89.4378,10.6727
9.03115,83.4504,10.3093
9.03615,97.921,11.1674
9.04115,95.3081,11.0174
9.04615,90.3177,10.7251
9.05115,81.0979,10.1629
9.05615,101.076,11.3459
9.06115,107.712,11.7124
9.06615,96.2002,11.0688
9.07115,84.4161,10.3687
9.07615,74.8349,9.76261
9.08115,92.784,10.8705
9.08615,95.5425,11.0309
9.09115,93.1643,10.8928
9.09615,88.4441,10.6132
9.10115,88.9268,10.6422
9.10615,87.1096,10.5329
9.11115,92.1947,10.8359
9.11615,80.3341,10.1149
9.12115,80.6621,10.1356
9.12615,85.2912,10.4224
9.13115,101.993,11.3972
9.13615,96.0043,11.0575
9.14115,94.2955,10.9587
9.14615,83.3909,10.3056
9.15115,80.4829,10.1243
9.15615,90.9523,10.7627
9.16115,90.5415,10.7383
9.16615,81.2356,10.1715
9.17115,85.0845,10.4097
9.17615,74.9742,9.77168
9.18115,76.0214,9.83969
9.18615,92.4052,10.8483
9.19115,73.6836,9.68722
9.19615,82.1475,10.2285
9.20115,94.2107,10.9538
9.20615,89.7347,10.6904
9.21115,101.173,11.3513
9.21615,95.9185,11.0526
9.22115,73.3623,9.66607
9.22615,64.8029,9.0847
9.23115,66.5821,9.20857
9.23615,80.3301,10.1147
9.24115,81.0658,10.1609
9.24615,76.4971,9.87043
9.25115,68.8999,9.36748
9.25615,72.0812,9.5813
9.26115,79.1388,10.0394
9.26615,85.0578,10.4081
9.27115,71.0785,9.51443
9.27615,79.7621,10.0789
9.28115,75.6506,9.81567
9.28615,90.725,10.7492
9.29115,108.514,11.7559
9.29615,91.1103,10.772
9.30115,63.2848,8.97767
9.30615,80.4452,10.1219
9.31115,84.654,10.3833
9.31615,74.2781,9.72622
9.32115,73.7537,9.69183
9.32615,74.4126,9.73502
9.33115,89.8436,10.6969
9.33615,83.3685,10.3042
9.34115,72.0992,9.5825
9.34615,69.9016,9.43533
9.35115,76.0119,9.83907
9.35615,66.4944,9.20251
9.36115,82.0368,10.2216
9.36615,79.3163,10.0507
9.37115,69.7025,9.42189
9.37615,78.4709,9.99696
9.38115,75.7141,9.81979
9.38615,76.2976,9.85755
9.39115,75.5391,9.80843
9.39615,73.3352,9.66429
9.40115,68.4681,9.33808
9.40615,63.5588,8.99708
9.41115,82.5672,10.2546
9.41615,80.1322,10.1022
9.42115,76.142,9.84749
9.42615,66.4415,9.19885
9.43115,68.1583,9.31693
9.43615,66.378,9.19445
9.44115,73.6868,9.68743
9.44615,75.9024,9.83199
9.45115,77.292,9.92158
9.45615,68.5549,9.344
9.46115,69.0859,9.38012
9.46615,64.9626,9.09589
9.47115,68.6882,9.35308
9.47615,68.2334,9.32206
9.48115,62.272,8.90554
9.48615,63.6249,9.00175
9.49115,64.9553,9.09538
9.49615,74.5417,9.74346
9.50115,80.1623,10.1041
9.50615,67.5727,9.27683
9.51115,87.1866,10.5375
9.51615,83.5248,10.3139
9.52115,69.3209,9.39606
9.52615,72.2708,9.5939
9.53115,71.815,9.5636
9.53615,71.9921,9.57538
9.54115,70.6461,9.48545
9.54615,69.0939,9.38066
9.55115,73.3518,9.66538
9.55615,88.2507,10.6016
9.56115,76.1153,9.84577
9.56615,78.3924,9.99196
9.57115,68.5398,9.34297
9.57615,68.3844,9.33238
9.58115,60.053,8.74542
9.58615,63.8178,9.01539
9.59115,63.3413,8.98167
9.59615,66.0866,9.17424
9.60115,67.8065,9.29286
9.60615,84.8227,10.3937
9.61115,75.6545,9.81592
9.61615,75.5943,9.81202
9.62115,81.837,10.2091
9.62615,64.5706,9.06841
9.63115,65.2128,9.11339
9.63615,65.1727,9.11059
9.64115,51.4589,8.09551
9.64615,76.0353,9.84059
9.65115,80.3512,10.116
9.65615,76.8251,9.89157
9.66115,81.3648,10.1796
9.66615,54.7747,8.35225
9.67115,63.8956,9.02088
9.67615,76.621,9.87842
9.68115,82.7929,10.2686
9.68615,73.2039,9.65564
9.69115,83.3125,10.3007
9.69615,83.963,10.3409
9.70115,64.9583,9.09559
9.70615,48.0725,7.82459
9.71115,51.04,8.06248
9.71615,57.1108,8.5285
9.72115,60.0116,8.74241
9.72615,63.0891,8.96377
9.73115,76.8641,9.89408
9.73615,70.3526,9.46572
9.74115,66.6508,9.21332
9.74615,70.467,9.47341
9.75115,78.3096,9.98668
9.75615,74.5335,9.74292
9.76115,68.4388,9.33609
9.76615,60.8148,8.80072
9.77115,79.4151,10.0569
9.77615,71.8804,9.56795
9.78115,65.4885,9.13264
9.78615,50.8743,8.04939
9.79115,63.4309,8.98802
9.79615,66.5979,9.20966
9.80115,61.2215,8.8301
9.80615,53.1292,8.22584
9.81115,67.0399,9.24018
9.81615,64.2361,9.04489
9.82115,67.046,9.2406
9.82615,62.3359,8.9101
9.83115,51.1633,8.07222
9.83615,58.3588,8.62118
9.84115,58.2731,8.61485
9.84615,64.2231,9.04397
9.85115,56.5399,8.48577
9.85615,68.3745,9.3317
9.86115,52.6331,8.18734
9.86615,62.3378,8.91024
9.87115,66.3449,9.19216
9.87615,63.7565,9.01106
9.88115,69.2087,9.38845
9.88615,59.4647,8.70249
9.89115,58.6396,8.6419
9.89615,53.2031,8.23156
9.90115,56.1052,8.45308
9.90615,59.1495,8.67939
9.91115,58.5897,8.63822
9.91615,64.2262,9.04419
9.92115,57.7115,8.57324
9.92615,56.327,8.46978
9.93115,81.7091,10.2011
9.93615,64.5091,9.06409
9.94115,53.1263,8.22561
9.94615,54.2269,8.31038
9.95115,50.6361,8.03052
9.95615,79.3738,10.0543
9.96115,74.8951,9.76653
9.96615,76.1142,9.8457
9.97115,69.6488,9.41826
9.97615,68.6669,9.35163
9.98115,60.3018,8.76352
9.98615,63.5087,8.99353
9.99115,60.4412,8.77365
9.99615,52.0296,8.14027
10.0011,49.4972,7.9397
10.0061,56.7487,8.50142
10.0111,55.7781,8.42841
10.0161,50.2554,8.00028
10.0211,52.3203,8.16298
10.0261,58.9151,8.66217
10.0311,58.0601,8.59909
10.0361,67.7299,9.28761
10.0411,64.6203,9.0719
10.0461,55.9973,8.44496
10.0511,55.4949,8.40698
10.0561,48.7275,7.87772
10.0611,59.6406,8.71535
10.0661,51.2788,8.08132
10.0711,52.9746,8.21386
10.0761,50.486,8.01861
10.0811,56.764,8.50257
10.0861,60.7978,8.79949
10.0911,63.0506,8.96104
10.0961,57.209,8.53583
10.1011,44.3122,7.51234
10.1061,52.0495,8.14183
10.1111,58.7599,8.65076
10.1161,55.6649,8.41985
10.1211,56.5984,8.49015
10.1261,50.9223,8.05318
10.1311,53.1097,8.22433
10.1361,51.3926,8.09028
10.1411,52.5971,8.18454
10.1461,47.6564,7.79066
10.1511,53.8387,8.28058
10.1561,50.4542,8.01608
10.1611,45.6648,7.62614
10.1661,47.9861,7.81756
10.1711,46.3919,7.68661
10.1761,54.1532,8.30474
10.1811,52.1653,8.15088
10.1861,51.9782,8.13625
10.1911,58.9899,8.66767
10.1961,60.8163,8.80083
10.2011,48.7427,7.87895
10.2061,59.5995,8.71234
10.2111,58.2552,8.61353
10.2161,51.4508,8.09487
10.2211,52.0073,8.13852
10.2261,41.9191,7.30667
10.2311,43.9329,7.48012
10.2361,50.3631,8.00884
10.2411,53.9186,8.28672
10.2461,51.2179,8.07652
10.2511,55.6679,8.42008
10.2561,52.5258,8.17899
10.2611,50.6957,8.03525
10.2661,50.7263,8.03767
10.2711,56.072,8.45059
10.2761,67.9798,9.30473
10.2811,45.9393,7.64902
10.2861,47.9818,7.81721
10.2911,50.3052,8.00424
10.2961,53.7004,8.26994
10.3011,40.7757,7.20633
10.3061,37.8748,6.94527
10.3111,47.344,7.76508
10.3161,57.227,8.53717
10.3211,60.7915,8.79903
10.3261,51.7733,8.1202
10.3311,47.1537,7.74946
10.3361,49.5161,7.94121
10.3411,47.3197,7.76309
10.3461,56.3272,8.46979
10.3511,41.917,7.30649
10.3561,46.7539,7.71654
10.3611,48.8133,7.88466
10.3661,49.5973,7.94772
10.3711,56.615,8.4914
10.3761,51.2658,8.0803
10.3811,40.5091,7.18274
10.3861,43.6078,7.4524
10.3911,47.8914,7.80985
10.3961,40.7214,7.20153
10.4011,41.0261,7.22842
10.4061,36.7116,6.83778
10.4111,42.9595,7.39679
10.4161,34.9006,6.66699
10.4211,47.719,7.79578
10.4261,44.1703,7.5003
10.4311,53.5652,8.25953
10.4361,51.7951,8.1219
10.4411,42.0012,7.31383
10.4461,54.9158,8.36301
10.4511,50.9206,8.05305
10.4561,44.231,7.50545
10.4611,59.9067,8.73476
10.4661,43.472,7.44078
10.4711,43.5948,7.45128
10.4761,39.318,7.07635
10.4811,34.8102,6.65836
10.4861,42.2224,7.33306
10.4911,53.7291,8.27215
10.4961,54.0678,8.29818
10.5011,54.5292,8.33351
10.5061,43.8605,7.47396
10.5111,41.2891,7.25156
10.5161,46.4059,7.68777
10.5211,36.7484,6.84121
10.5261,33.2417,6.50661
10.5311,41.7011,7.28765
10.5361,42.8676,7.38888
10.5411,39.1893,7.06476
10.5461,37.4808,6.90905
10.5511,38.3715,6.99066
10.5561,52.6363,8.18759
10.5611,61.1751,8.82675
10.5661,47.8579,7.80711
10.5711,44.1984,7.50269
10.5761,49.8098,7.96473
10.5811,50.9886,8.05843
10.5861,45.4165,7.60537
10.5911,50.4836,8.01842
10.5961,44.0255,7.488
10.6011,37.7297,6.93195
10.6061,44.1508,7.49865
10.6111,44.3307,7.51391
10.6161,52.8799,8.20651
10.6211,36.8041,6.8464
10.6261,34.4752,6.62623
10.6311,37.0462,6.86888
10.6361,41.3568,7.2575
10.6411,52.7767,8.19851
10.6461,43.399,7.43453
10.6511,47.7369,7.79723
10.6561,41.632,7.28161
10.6611,37.1233,6.87602
10.6661,43.2523,7.42195
10.6711,44.9234,7.56397
10.6761,43.2369,7.42063
10.6811,49.5378,7.94295
10.6861,45.2087,7.58795
10.6911,50.924,8.05332
10.6961,53.8241,8.27946
10.7011,46.7731,7.71812
10.7061,37.8678,6.94462
10.7111,49.7584,7.96062
10.7161,47.4933,7.77731
10.7211,53.1906,8.23059
10.7261,48.5498,7.86334
10.7311,47.8903,7.80975
10.7361,47.3038,7.76178
10.7411,47.0781,7.74325
10.7461,41.4458,7.26531
10.7511,39.9284,7.13107
10.7561,39.1303,7.05944
10.7611,44.034,7.48872
10.7661,33.9971,6.58013
10.7711,43.1842,7.41611
10.7761,40.2394,7.15879
10.7811,48.5824,7.86599
10.7861,45.7308,7.63165
10.7911,37.2598,6.88865
10.7961,39.1825,7.06415
10.8011,40.8672,7.21442
10.8061,39.6128,7.10283
10.8111,35.4265,6.71704
10.8161,39.2003,7.06575
10.8211,38.6356,7.01468
10.8261,36.352,6.80421
10.8311,42.7486,7.37861
10.8361,43.7805,7.46713
10.8411,34.2084,6.60055
10.8461,31.9996,6.38389
10.8511,44.1442,7.49809
10.8561,28.6293,6.03836
10.8611,32.0501,6.38893
10.8661,44.082,7.4928
10.8711,39.8446,7.12358
10.8761,48.7244,7.87747
10.8811,36.5724,6.82481
10.8861,39.6678,7.10776
10.8911,44.7139,7.54631
10.8961,40.0798,7.14458
10.9011,36.7781,6.84397
10.9061,43.4139,7.43581
10.9111,32.3235,6.41613
10.9161,41.6624,7.28427
10.9211,39.2453,7.0698
10.9261,39.6449,7.10571
10.9311,34.4269,6.6216
10.9361,30.8082,6.26392
10.9411,39.4241,7.0859
10.9461,41.3144,7.25378
10.9511,46.7033,7.71236
10.9561,39.7255,7.11292
10.9611,43.9196,7.47899
10.9661,38.2473,6.97933
10.9711,41.8012,7.29639
10.9761,33.2708,6.50946
10.9811,20.9307,5.16304
10.9861,25.3226,5.67894
10.9911,38.8144,7.03089
10.9961,37.5948,6.91955
11.0011,31.4863,6.33249
11.0061,36.8831,6.85374
11.0111,30.8406,6.26722
11.0161,38.4871,7.00118
11.0211,32.1341,6.3973
11.0261,36.1221,6.78266
11.0311,28.0179,5.97353
11.0361,27.1676,5.88219
11.0411,36.8832,6.85375
11.0461,32.2673,6.41055
11.0511,28.9717,6.07436
11.0561,36.9654,6.86137
11.0611,41.2995,7.25247
11.0661,37.2967,6.89206
11.0711,36.3491,6.80394
11.0761,52.4861,8.1759
11.0811,42.4804,7.35543
11.0861,33.7207,6.55333
11.0911,42.6674,7.3716
11.0961,29.0507,6.08264
11.1011,34.9659,6.67323
11.1061,45.5857,7.61952
11.1111,39.6955,7.11024
11.1161,34.824,6.65967
11.1211,33.5823,6.53987
11.1261,34.9931,6.67582
11.1311,35.123,6.6882
11.1361,33.7355,6.55477
11.1411,29.2094,6.09922
11.1461,37.4363,6.90494
11.1511,42.2587,7.33621
11.1561,35.823,6.75452
11.1611,25.5595,5.70545
11.1661,28.502,6.02492
11.1711,37.5363,6.91416
11.1761,31.0973,6.29325
11.1811,40.0058,7.13797
11.1861,32.1066,6.39456
11.1911,34.9945,6.67596
11.1961,30.3155,6.21363
11.2011,35.9853,6.7698
11.2061,33.2559,6.50801
11.2111,35.4622,6.72042
11.2161,36.3568,6.80466
11.2211,34.3087,6.61022
11.2261,36.2243,6.79225
11.2311,35.8309,6.75527
11.2361,33.3619,6.51837
11.2411,29.7552,6.15595
11.2461,35.4636,6.72055
11.2511,37.6515,6.92476
11.2561,35.3125,6.70622
11.2611,39.8723,7.12606
11.2661,34.3066,6.61001
11.2711,25.8734,5.74038
11.2761,39.1709,7.0631
11.2811,30.3949,6.22177
11.2861,30.8812,6.27134
11.2911,34.3822,6.6173
11.2961,35.4478,6.71905
11.3011,36.2095,6.79086
11.3061,31.8488,6.36883
11.3111,29.6324,6.14323
11.3161,33.4489,6.52687
11.3211,33.2234,6.50482
11.3261,34.3309,6.61236
11.3311,30.3795,6.22019
11.3361,25.4849,5.69712
11.3411,25.0888,5.65266
11.3461,36.0275,6.77377
11.3511,27.356,5.90256
11.3561,32.7102,6.45439
11.3611,32.1635,6.40022
11.3661,30.3093,6.21301
11.3711,25.0822,5.65192
11.3761,30.0593,6.18733
11.3811,31.7839,6.36235
11.3861,25.647,5.7152
11.3911,24.2542,5.55786
11.3961,33.1973,6.50227
11.4011,36.1461,6.78491
11.4061,29.1151,6.08938
11.4111,33.7986,6.56089
11.4161,23.6651,5.48995
11.4211,31.2489,6.30857
11.4261,32.5154,6.43514
11.4311,30.39,6.22127
11.4361,26.1763,5.77387
11.4411,29.713,6.15158
11.4461,28.583,6.03347
11.4511,25.1109,5.65516
11.4561,26.0123,5.75577
11.4611,28.78,6.05423
11.4661,22.3187,5.33148
11.4711,43.5872,7.45063
11.4761,38.2912,6.98334
11.4811,34.7826,6.65572
11.4861,34.5274,6.63125
11.4911,38.8081,7.03032
11.4961,30.9343,6.27674
11.5011,37.7831,6.93685
11.5061,27.0792,5.87262
11.5111,27.5561,5.9241
11.5161,33.5481,6.53654
11.5211,32.1679,6.40066
11.5261,26.5966,5.82005
11.5311,18.3698,4.83688
11.5361,25.2949,5.67584
11.5411,31.9744,6.38139
11.5461,33.1891,6.50146
11.5511,21.7089,5.25814
11.5561,29.2624,6.10476
11.5611,36.337,6.8028
11.5661,26.2552,5.78257
11.5711,29.6296,6.14294
11.5761,23.2539,5.44203
11.5811,27.5265,5.92092
11.5861,28.08,5.98015
11.5911,27.0427,5.86866
11.5961,21.542,5.2379
11.6011,27.8376,5.95428
11.6061,26.3278,5.79056
11.6111,24.5156,5.58773
11.6161,33.1735,6.49994
11.6211,33.9797,6.57845
11.6261,36.0484,6.77574
11.6311,35.4111,6.71558
11.6361,34.735,6.65116
11.6411,31.9209,6.37604
11.6461,35.2698,6.70216
11.6511,24.7678,5.61639
11.6561,31.3102,6.31475
11.6611,23.5195,5.47302
11.6661,15.6536,4.46499
11.6711,29.0095,6.07832
11.6761,27.7277,5.94252
11.6811,27.3373,5.90053
11.6861,19.6693,5.00505
11.6911,29.0399,6.0815
11.6961,29.6396,6.14398
11.7011,26.7791,5.83998
11.7061,24.8629,5.62717
11.7111,26.5414,5.814
11.7161,22.1004,5.30534
11.7211,26.847,5.84738
11.7261,29.3973,6.11882
11.7311,29.5155,6.1311
11.7361,34.2366,6.60327
11.7411,24.3119,5.56446
11.7461,25.1925,5.66434
11.7511,27.4516,5.91286
11.7561,23.0322,5.41603
11.7611,23.5431,5.47577
11.7661,27.5758,5.92621
11.7711,28.7494,6.05101
11.7761,34.4507,6.62388
11.7811,38.6399,7.01506
11.7861,31.9861,6.38255
11.7911,23.11,5.42518
11.7961,27.7533,5.94527
11.8011,27.3847,5.90564
11.8061,18.8832,4.90401
11.8111,25.8786,5.74095
11.8161,25.0217,5.6451
11.8211,30.193,6.20107
11.8261,28.2044,5.99338
11.8311,27.8901,5.95989
11.8361,29.9634,6.17745
11.8411,19.8192,5.02408
11.8461,18.9175,4.90846
11.8511,19.9413,5.03954
11.8561,22.3503,5.33526
11.8611,20.6311,5.12596
11.8661,23.223,5.43843
11.8711,22.1205,5.30775
11.8761,24.6237,5.60003
11.8811,19.9799,5.04441
11.8861,30.5988,6.2426
11.8911,30.7622,6.25925
11.8961,28.6204,6.03742
11.9011,21.3648,5.21631
11.9061,24.1032,5.54053
11.9111,23.8572,5.51218
11.9161,20.3069,5.08552
11.9211,20.501,5.10976
11.9261,18.91,4.90749
11.9311,23.7661,5.50164
11.9361,24.3866,5.573
11.9411,27.4371,5.9113
11.9461,30.0718,6.18861
11.9511,28.5659,6.03167
11.9561,26.5222,5.8119
11.9611,22.3449,5.33462
11.9661,22.2598,5.32445
11.9711,19.7587,5.01641
11.9761,14.2635,4.26213
11.9811,25.0405,5.64723
11.9861,26.0486,5.75978
11.9911,20.1,5.05955
11.9961,17.2369,4.68536
12.0011,19.9279,5.03783
12.0061,21.4629,5.22827
12.0111,21.4826,5.23066
12.0161,14.123,4.24108
12.0211,20.0187,5.04931
12.0261,22.1624,5.31278
12.0311,21.3588,5.21557
12.0361,25.9538,5.74929
12.0411,28.7174,6.04764
12.0461,20.4097,5.09838
12.0511,32.4028,6.42399
12.0561,29.8318,6.16387
12.0611,17.6693,4.74376
12.0661,21.9938,5.29253
12.0711,26.6416,5.82497
12.0761,23.2128,5.43723
12.0811,21.2693,5.20463
12.0861,29.4025,6.11935
12.0911,16.9136,4.64121
12.0961,17.3209,4.69677
12.1011,28.5843,6.03361
12.1061,25.3303,5.6798
12.1111,29.5011,6.12961
12.1161,28.3195,6.0056
12.1211,26.7829,5.8404
12.1261,27.1804,5.88358
12.1311,21.6046,5.2455
12.1361,22.9196,5.40278
12.1411,19.2273,4.94849
12.1461,19.9966,5.04652
12.1511,20.026,5.05022
12.1561,16.7508,4.61883
12.1611,18.1907,4.81325
12.1661,17.4816,4.71851
12.1711,29.7209,6.1524
12.1761,16.4717,4.58018
12.1811,23.8302,5.50906
12.1861,21.8182,5.27137
12.1911,24.0171,5.53062
12.1961,14.8439,4.34798
12.2011,22.7592,5.38384
12.2061,23.6476,5.48791
12.2111,22.3551,5.33582
12.2161,21.3084,5.20942
12.2211,19.6755,5.00584
12.2261,25.1994,5.66512
12.2311,20.6075,5.12302
12.2361,19.9502,5.04066
12.2411,16.2212,4.54522
12.2461,29.6455,6.1446
12.2511,19.2244,4.94812
12.2561,19.2455,4.95083
12.2611,19.5091,4.98462
12.2661,15.8011,4.48598
12.2711,22.297,5.32889
12.2761,23.0856,5.42231
12.2811,23.0173,5.41428
12.2861,20.0083,5.04799
12.2911,19.2148,4.94688
12.2961,23.6371,5.4867
12.3011,24.9204,5.63367
12.3061,18.1907,4.81325
12.3111,13.5586,4.15547
12.3161,17.047,4.65948
12.3211,13.4604,4.1404
12.3261,20.4508,5.10351
12.3311,23.8128,5.50705
12.3361,30.6013,6.24286
12.3411,23.7207,5.49639
12.3461,17.7084,4.74902
12.3511,23.734,5.49793
12.3561,23.9143,5.51877
12.3611,24.1109,5.54141
12.3661,21.0854,5.18208
12.3711,17.4724,4.71726
12.3761,16.9501,4.64622
12.3811,15.0508,4.37817
12.3861,18.5452,4.85993
12.3911,17.6806,4.74528
12.3961,20.481,5.10727
12.4011,21.9533,5.28766
12.4061,22.6647,5.37265
12.4111,22.7099,5.378
12.4161,16.1845,4.54007
12.4211,19.6188,4.99862
12.4261,15.7858,4.48381
12.4311,11.2996,3.79355
12.4361,19.1109,4.93349
12.4411,21.4895,5.23151
12.4461,22.8582,5.39553
12.4511,20.3517,5.09113
12.4561,13.7321,4.18199
12.4611,21.1914,5.1951
12.4661,27.4307,5.91061
12.4711,19.735,5.0134
12.4761,18.3933,4.83998
12.4811,14.395,4.28173
12.4861,18.1951,4.81383
12.4911,14.7265,4.33075
12.4961,15.8714,4.49594
12.5011,24.9001,5.63137
12.5061,21.782,5.26699
12.5111,21.7323,5.26098
12.5161,16.4756,4.58073
12.5211,17.9621,4.78291
12.5261,11.6684,3.85495
12.5311,20.4649,5.10527
12.5361,25.7665,5.72851
12.5411,26.0127,5.75581
12.5461,21.7925,5.26826
12.5511,18.6747,4.87686
12.5561,13.4696,4.14181
12.5611,16.8163,4.62785
12.5661,16.033,4.51878
12.5711,18.5866,4.86534
12.5761,16.0199,4.51693
12.5811,20.0196,5.04942
12.5861,16.2722,4.55236
12.5911,12.8008,4.03769
12.5961,17.1851,4.67831
12.6011,14.1428,4.24406
12.6061,12.1494,3.9336
12.6111,14.3874,4.2806
12.6161,12.9338,4.05861
12.6211,14.3513,4.27523
12.6261,15.6916,4.47041
12.6311,20.7661,5.1427
12.6361,18.5521,4.86083
12.6411,17.3542,4.70127
12.6461,20.7466,5.14028
12.6511,20.1403,5.06462
12.6561,22.067,5.30134
12.6611,20.1645,5.06766
12.6661,12.813,4.0396
12.6711,20.7516,5.1409
12.6761,19.5049,4.98409
12.6811,24.3215,5.56555
12.6861,19.959,5.04177
12.6911,17.2979,4.69365
12.6961,20.3305,5.08847
12.7011,16.0483,4.52093
12.7061,12.5592,3.9994
12.7111,13.3386,4.12163
12.7161,22.1514,5.31146
12.7211,28.8414,6.06068
12.7261,14.306,4.26847
12.7311,11.8952,3.89223
12.7361,21.7463,5.26268
12.7411,22.9328,5.40433
12.7461,17.377,4.70436
12.7511,17.1043,4.6673
12.7561,12.7212,4.02511
12.7611,14.6182,4.3148
12.7661,16.7218,4.61483
12.7711,10.9662,3.73716
12.7761,14.7383,4.33249
12.7811,10.3974,3.63896
12.7861,17.7178,4.75027
12.7911,13.7629,4.18667
12.7961,14.824,4.34507
12.8011,13.709,4.17846
12.8061,17.197,4.67994
12.8111,21.0108,5.1729
12.8161,19.3559,4.96501
12.8211,22.4221,5.34382
12.8261,14.4656,4.29221
12.8311,15.7243,4.47506
12.8361,18.4939,4.8532
12.8411,14.7076,4.32797
12.8461,11.8695,3.88804
12.8511,22.9469,5.406
12.8561,12.2745,3.95381
12.8611,7.11801,3.01088
12.8661,17.9757,4.78471
12.8711,16.8009,4.62572
12.8761,7.4824,3.08698
12.8811,13.1023,4.08496
12.8861,19.0001,4.91917
12.8911,16.3492,4.56312
12.8961,15.3781,4.42553
12.9011,14.5231,4.30074
12.9061,11.9361,3.89893
12.9111,15.352,4.42176
12.9161,10.3321,3.62751
12.9211,14.7287,4.33108
12.9261,14.0354,4.22791
12.9311,16.1212,4.53119
12.9361,12.9139,4.05548
12.9411,14.3091,4.26894
12.9461,16.3009,4.55638
12.9511,17.7274,4.75156
12.9561,16.815,4.62767
12.9611,13.1695,4.09541
12.9661,8.01873,3.1957
12.9711,7.33769,3.05699
12.9761,17.0187,4.65562
12.9811,18.9566,4.91353
12.9861,13.3725,4.12686
12.9911,12.3694,3.96906
12.9961,12.4208,3.97731
13.0011,12.3542,3.96662
13.0061,12.6602,4.01545
13.0111,21.254,5.20276
13.0161,15.6145,4.45941
13.0211,11.6702,3.85525
13.0261,14.2642,4.26223
13.0311,13.5045,4.14718
13.0361,18.402,4.84112
13.0411,22.4999,5.35308
13.0461,16.6079,4.59909
13.0511,10.4789,3.65319
13.0561,11.6017,3.84392
13.0611,20.9098,5.16046
13.0661,15.8155,4.48802
13.0711,15.4625,4.43765
13.0761,21.2633,5.2039
13.0811,13.6028,4.16225
13.0861,15.4381,4.43415
13.0911,12.5516,3.99819
13.0961,15.1098,4.38676
13.1011,14.3545,4.2757
13.1061,14.6357,4.31738
13.1111,14.1289,4.24198
13.1161,13.1117,4.08642
13.1211,13.5285,4.15087
13.1261,19.0023,4.91945
13.1311,19.8801,5.0318
13.1361,14.633,4.31699
13.1411,12.8945,4.05243
13.1461,18.048,4.79433
13.1511,19.8096,5.02287
13.1561,9.46351,3.47168
13.1611,14.5922,4.31096
13.1661,19.1655,4.94053
13.1711,11.2539,3.78586
13.1761,13.8199,4.19532
13.1811,15.0222,4.37401
13.1861,11.1996,3.77673
13.1911,16.3265,4.55995
13.1961,22.0117,5.29468
13.2011,18.5572,4.86149
13.2061,19.3576,4.96523
13.2111,10.6427,3.68163
13.2161,15.5628,4.45202
13.2211,18.8194,4.89572
13.2261,19.2196,4.9475
13.2311,16.872,4.63551
13.2361,12.1974,3.94137
13.2411,12.8878,4.05138
13.2461,8.67582,3.32406
13.2511,10.2848,3.61918
13.2561,13.781,4.18943
13.2611,15.978,4.51102
13.2661,14.802,4.34184
13.2711,15.44,4.43442
13.2761,16.0363,4.51924
13.2811,12.2589,3.95129
13.2861,14.6354,4.31734
13.2911,12.6517,4.0141
13.2961,17.6415,4.74003
13.3011,22.5035,5.35351
13.3061,12.6484,4.01357
13.3111,7.81992,3.15584
13.3161,12.0725,3.92114
13.3211,12.3502,3.96598
13.3261,16.81,4.62697
13.3311,12.6501,4.01385
13.3361,13.8544,4.20057
13.3411,9.78456,3.53008
13.3461,8.16484,3.22469
13.3511,17.7811,4.75875
13.3561,14.3778,4.27917
13.3611,11.3788,3.80681
13.3661,10.5136,3.65922
13.3711,12.005,3.91017
13.3761,11.9086,3.89442
13.3811,12.9826,4.06626
13.3861,11.363,3.80417
13.3911,11.1902,3.77513
13.3961,12.8133,4.03965
13.4011,11.4664,3.82144
13.4061,11.8688,3.88792
13.4111,13.609,4.16319
13.4161,13.4975,4.1461
13.4211,15.0662,4.38042
13.4261,16.7604,4.62015
13.4311,12.3259,3.96207
13.4361,9.40565,3.46105
13.4411,11.9146,3.89541
13.4461,11.994,3.90837
13.4511,17.2935,4.69305
13.4561,15.1775,4.39657
13.4611,8.01261,3.19448
13.4661,16.3084,4.55742
13.4711,16.6949,4.61111
13.4761,13.7771,4.18883
13.4811,16.2667,4.5516
13.4861,17.0552,4.6606
13.4911,19.2862,4.95607
13.4961,14.2584,4.26137
13.5011,11.0401,3.74974
13.5061,13.0869,4.08255
13.5111,13.6274,4.16601
13.5161,7.6007,3.11129
13.5211,12.2557,3.95078
13.5261,12.0895,3.9239
13.5311,13.8897,4.20591
13.5361,11.9568,3.9023
13.5411,10.062,3.57977
13.5461,7.03558,2.99339
13.5511,14.869,4.35165
13.5561,14.057,4.23116
13.5611,11.1322,3.76534
13.5661,9.1964,3.42233
13.5711,6.99778,2.98534
13.5761,11.4848,3.8245
13.5811,13.8868,4.20547
13.5861,6.15404,2.79959
13.5911,10.0433,3.57645
13.5961,10.1979,3.60387
13.6011,6.4122,2.8577
13.6061,9.48547,3.47571
13.6111,9.11307,3.4068
13.6161,10.4917,3.65541
13.6211,10.0022,3.56912
13.6261,14.2144,4.25479
13.6311,13.9191,4.21036
13.6361,13.03,4.07366
13.6411,10.5506,3.66566
13.6461,9.99241,3.56737
13.6511,7.89896,3.17175
13.6561,9.80543,3.53384
13.6611,14.3626,4.27692
13.6661,13.5253,4.15038
13.6711,10.0969,3.58598
13.6761,7.93037,3.17805
13.6811,13.2007,4.10027
13.6861,12.979,4.06568
13.6911,10.0027,3.56922
13.6961,3.65879,2.15865
13.7011,11.135,3.76581
13.7061,12.3499,3.96593
13.7111,8.56273,3.30232
13.7161,9.58174,3.4933
13.7211,9.67909,3.511
13.7261,9.75759,3.52521
13.7311,11.0308,3.74815
13.7361,12.8298,4.04226
13.7411,10.6002,3.67426
13.7461,8.37187,3.26531
13.7511,10.6187,3.67748
13.7561,6.16904,2.803
13.7611,3.28554,2.04558
13.7661,7.8842,3.16878
13.7711,4.45943,2.38316
13.7761,6.95172,2.9755
13.7811,5.45387,2.63552
13.7861,10.7066,3.69266
13.7911,10.298,3.62151
13.7961,10.998,3.74258
13.8011,6.81174,2.94539
13.8061,12.3543,3.96663
13.8111,13.1539,4.09299
13.8161,9.62918,3.50194
13.8211,6.38221,2.85101
13.8261,11.6287,3.84839
13.8311,9.72057,3.51852
13.8361,3.1586,2.00568
13.8411,6.3168,2.83636
13.8461,9.12562,3.40914
13.8511,10.7884,3.70673
13.8561,3.9056,2.23027
13.8611,10.6196,3.67763
13.8661,9.31555,3.44443
13.8711,6.24051,2.81919
13.8761,7.8378,3.15944
13.8811,7.0622,2.99905
13.8861,5.09898,2.54833
13.8911,7.3224,3.0538
13.8961,10.9539,3.73506
13.9011,7.74491,3.14067
13.9061,8.97528,3.38094
13.9111,8.99643,3.38492
13.9161,10.1145,3.58911
13.9211,7.77098,3.14595
13.9261,9.56493,3.49023
13.9311,7.82324,3.15651
13.9361,12.0413,3.91607
13.9411,11.8295,3.88147
13.9461,10.9421,3.73306
13.9511,10.7544,3.7009
13.9561,9.28578,3.43893
13.9611,3.3113,2.05358
13.9661,11.0781,3.75618
13.9711,14.9627,4.36534
13.9761,11.3464,3.80139
13.9811,8.93616,3.37356
13.9861,7.93347,3.17867
13.9911,9.67318,3.50993
13.9961,6.49348,2.87576
14.0011,3.69737,2.17
14.0061,12.636,4.01161
14.0111,9.47835,3.4744
14.0161,12.3661,3.96853
14.0211,12.91,4.05487
14.0261,13.5322,4.15143
14.0311,10.1834,3.60131
14.0361,8.77696,3.34338
14.0411,10.2108,3.60614
14.0461,7.75652,3.14302
14.0511,7.53973,3.09879
14.0561,6.62557,2.90486
14.0611,4.57586,2.41407
14.0661,4.92483,2.50443
14.0711,6.36556,2.84729
14.0761,5.41025,2.62496
14.0811,7.53731,3.09829
14.0861,6.01261,2.76723
14.0911,6.05996,2.7781
14.0961,8.51438,3.29299
14.1011,5.36009,2.61276
14.1061,5.39374,2.62095
14.1111,11.4857,3.82466
14.1161,6.07665,2.78193
14.1211,6.97107,2.97964
14.1261,10.785,3.70615
14.1311,8.07054,3.20601
14.1361,10.0921,3.58513
14.1411,8.50147,3.29049
14.1461,14.3288,4.27187
14.1511,10.2043,3.605
14.1561,11.1249,3.76411
14.1611,12.4212,3.97736
14.1661,10.5066,3.65801
14.1711,8.91499,3.36957
14.1761,2.70174,1.85496
14.1811,5.99659,2.76354
14.1861,8.12901,3.2176
14.1911,9.49943,3.47826
14.1961,10.2488,3.61285
14.2011,4.74656,2.45869
14.2061,5.20274,2.57413
14.2111,6.38451,2.85153
14.2161,4.35777,2.35584
14.2211,4.98571,2.51986
14.2261,6.96349,2.97802
14.2311,6.22143,2.81487
14.2361,9.54727,3.48701
14.2411,9.40569,3.46106
14.2461,8.92603,3.37165
14.2511,5.69425,2.69297
14.2561,3.20874,2.02153
14.2611,6.88485,2.96115
14.2661,4.93289,2.50648
14.2711,4.31605,2.34454
14.2761,3.54821,2.12578
14.2811,6.87208,2.95841
14.2861,6.5873,2.89646
14.2911,5.41776,2.62678
14.2961,7.76942,3.14563
14.3011,8.68958,3.3267
14.3061,5.67617,2.68869
14.3111,8.76303,3.34072
14.3161,7.10197,3.00748
14.3211,6.84277,2.95209
14.3261,9.10078,3.4045
14.3311,15.7426,4.47767
14.3361,7.75684,3.14308
14.3411,8.49049,3.28836
14.3461,7.54473,3.09981
14.3511,6.75298,2.93266
14.3561,4.64836,2.43312
14.3611,8.52554,3.29515
14.3661,8.34987,3.26102
14.3711,6.20923,2.81211
14.3761,5.37521,2.61644
14.3811,6.62647,2.90506
14.3861,7.47227,3.08489
14.3911,6.63298,2.90648
14.3961,10.6517,3.68317
14.4011,3.85282,2.21515
14.4061,7.39963,3.06986
14.4111,11.6205,3.84703
14.4161,8.7534,3.33889
14.4211,4.2769,2.33388
14.4261,5.41494,2.62609
14.4311,10.3034,3.62246
14.4361,9.24172,3.43076
14.4411,9.56976,3.49112
14.4461,7.3753,3.06481
14.4511,5.08547,2.54495
14.4561,5.94869,2.75248
14.4611,4.42168,2.37305
14.4661,8.76962,3.34198
14.4711,4.70169,2.44704
14.4761,6.34008,2.84159
14.4811,5.08763,2.54549
14.4861,5.96247,2.75567
14.4911,13.8092,4.19371
14.4961,11.6855,3.85778
14.5011,7.48464,3.08744
14.5061,9.31467,3.44427
14.5111,5.89871,2.74089
14.5161,7.67146,3.12574
14.5211,5.79592,2.71691
14.5261,5.39672,2.62167
14.5311,8.68264,3.32537
14.5361,6.1521,2.79914
14.5411,5.38104,2.61786
14.5461,4.87723,2.4923
14.5511,4.87739,2.49234
14.5561,4.87712,2.49227
14.5611,6.07364,2.78124
14.5661,6.08663,2.78421
14.5711,5.01889,2.52824
14.5761,1.90732,1.55857
14.5811,4.74653,2.45868
14.5861,7.10159,3.0074
14.5911,5.3445,2.60896
14.5961,6.59166,2.89742
14.6011,9.66194,3.50789
14.6061,8.88465,3.36383
14.6111,12.0292,3.9141
14.6161,10.688,3.68945
14.6211,2.81211,1.89247
14.6261,2.37242,1.73824
14.6311,1.11887,1.19372
14.6361,3.62231,2.14786
14.6411,6.47039,2.87064
14.6461,5.94784,2.75228
14.6511,6.57131,2.89294
14.6561,7.12585,3.01253
14.6611,6.53288,2.88447
14.6661,8.93214,3.37281
14.6711,9.95623,3.56091
14.6761,8.67252,3.32343
14.6811,11.7651,3.87089
14.6861,6.99998,2.98581
14.6911,2.6085,1.82267
14.6961,5.39983,2.62243
14.7011,8.57433,3.30456
14.7061,6.52331,2.88236
14.7111,6.29902,2.83237
14.7161,6.5031,2.87789
14.7211,11.5518,3.83564
14.7261,7.25048,3.03877
14.7311,9.21813,3.42638
14.7361,7.25417,3.03954
14.7411,1.59918,1.42712
14.7461,1.85669,1.53774
14.7511,4.73198,2.45491
14.7561,2.91817,1.92783
14.7611,9.01621,3.38864
14.7661,5.16203,2.56404
14.7711,5.11517,2.55237
14.7761,8.26779,3.24495
14.7811,3.95849,2.24532
14.7861,3.84242,2.21216
14.7911,6.52812,2.88342
14.7961,8.98962,3.38364
14.8011,6.09401,2.7859
14.8061,2.13797,1.65012
14.8111,4.10012,2.28514
14.8161,7.54815,3.10052
14.8211,7.21269,3.03083
14.8261,7.2003,3.02823
14.8311,7.66518,3.12446
14.8361,7.78032,3.14784
14.8411,6.02836,2.77085
14.8461,7.72977,3.1376
14.8511,7.01117,2.98819
14.8561,4.61961,2.42558
14.8611,3.38571,2.07653
14.8661,3.25164,2.035
14.8711,4.91517,2.50197
14.8761,8.03222,3.19839
14.8811,6.78695,2.94003
14.8861,4.73138,2.45475
14.8911,6.28627,2.8295
14.8961,5.14768,2.56047
14.9011,2.45472,1.76813
14.9061,3.15748,2.00532
14.9111,4.68606,2.44297
14.9161,4.87733,2.49233
14.9211,5.91795,2.74536
14.9261,5.76295,2.70917
14.9311,8.4088,3.27251
14.9361,8.75927,3.34001
14.9411,6.02785,2.77073
14.9461,5.53478,2.655
14.9511,2.86346,1.90968
14.9561,2.64653,1.83591
14.9611,8.97027,3.38
14.9661,6.50238,2.87773
14.9711,3.33116,2.05974
14.9761,5.92152,2.74619
14.9811,4.73848,2.45659
14.9861,9.13461,3.41082
14.9911,7.3668,3.06304
14.9961,5.44818,2.63414
15.0011,4.8676,2.48984
15.0061,3.54494,2.1248
15.0111,4.73217,2.45496
15.0161,3.79483,2.19842
15.0211,7.64889,3.12114
15.0261,8.99019,3.38375
15.0311,5.46247,2.63759
15.0361,5.2908,2.59582
15.0411,4.96067,2.51353
15.0461,9.30458,3.4424
15.0511,9.5779,3.4926
15.0561,5.44119,2.63245
15.0611,4.87725,2.4923
15.0661,5.00338,2.52433
15.0711,7.66921,3.12528
15.0761,6.86479,2.95684
15.0811,5.06893,2.54081
15.0861,3.25266,2.03532
15.0911,7.82077,3.15601
15.0961,4.55219,2.40782
15.1011,2.85653,1.90736
15.1061,4.34647,2.35278
15.1111,2.86367,1.90974
15.1161,4.28709,2.33666
15.1211,5.32205,2.60347
15.1261,6.67387,2.91543
15.1311,5.27615,2.59222
15.1361,1.00374,1.13064
15.1411,4.76535,2.46355
15.1461,3.64001,2.1531
15.1511,2.46729,1.77265
15.1561,3.92241,2.23506
15.1611,6.68064,2.91691
15.1661,5.58437,2.66686
15.1711,5.14821,2.5606
15.1761,2.73559,1.86655
15.1811,7.28692,3.04639
15.1861,5.97393,2.75831
15.1911,6.48053,2.87289
15.1961,4.32505,2.34698
15.2011,3.60617,2.14307
15.2061,4.33995,2.35102
15.2111,7.40585,3.07115
15.2161,6.36148,2.84638
15.2211,5.68803,2.6915
15.2261,4.54087,2.40482
15.2311,4.75526,2.46094
15.2361,6.30237,2.83312
15.2411,5.74181,2.7042
15.2461,7.04016,2.99437
15.2511,7.22053,3.03248
15.2561,4.94835,2.5104
15.2611,4.5506,2.4074
15.2661,5.56784,2.66291
15.2711,4.68263,2.44207
15.2761,2.70475,1.856
15.2811,3.6634,2.16001
15.2861,4.38052,2.36198
15.2911,3.04891,1.97054
15.2961,2.22022,1.68156
15.3011,4.76114,2.46246
15.3061,8.9483,3.37586
15.3111,3.44541,2.09476
15.3161,3.54768,2.12562
15.3211,4.47984,2.38861
15.3261,2.04014,1.61192
15.3311,0.887391,1.06309
15.3361,0.0695289,0.297575
15.3411,1.93442,1.5696
15.3461,3.3875,2.07708
15.3511,1.84994,1.53495
15.3561,1.51949,1.39111
15.3611,2.17091,1.66278
15.3661,6.0102,2.76667
15.3711,2.18146,1.66681
15.3761,0.695085,0.940877
15.3811,2.79068,1.88525
15.3861,1.94726,1.5748
15.3911,3.09253,1.98459
15.3961,2.8375,1.901
15.4011,4.16949,2.30438
15.4061,2.82107,1.89549
15.4111,3.36846,2.07124
15.4161,4.66361,2.43711
15.4211,3.44616,2.09499
15.4261,1.77636,1.50411
15.4311,4.83178,2.48066
15.4361,5.04781,2.53551
15.4411,1.41443,1.34216
15.4461,2.87316,1.9129
15.4511,5.30833,2.60012
15.4561,4.22318,2.31917
15.4611,4.78588,2.46885
15.4661,3.3168,2.05529
15.4711,8.73656,3.33568
15.4761,7.47892,3.08626
15.4811,3.05572,1.97274
15.4861,6.5382,2.88564
15.4911,4.0635,2.27491
15.4961,5.30847,2.60015
15.5011,4.68899,2.44373
15.5061,5.2418,2.58377
15.5111,7.01877,2.98981
15.5161,5.12173,2.55401
15.5211,4.3261,2.34726
15.5261,4.35848,2.35603
15.5311,4.17686,2.30642
15.5361,3.72387,2.17776
15.5411,2.56188,1.80631
15.5461,2.21612,1.68
15.5511,2.76597,1.87688
15.5561,2.7442,1.86948
15.5611,4.10245,2.28578
15.5661,6.84513,2.9526
15.5711,7.12483,3.01232
15.5761,3.76833,2.19072
15.5811,7.3939,3.06867
15.5861,5.59718,2.66992
15.5911,4.53525,2.40333
15.5961,4.87725,2.4923
15.6011,3.53711,2.12245
15.6061,2.752,1.87214
15.6111,4.73623,2.45601
15.6161,5.31016,2.60056
15.6211,3.51202,2.11491
15.6261,5.27041,2.59081
15.6311,2.35706,1.7326
15.6361,2.23034,1.68538
15.6411,3.14821,2.00237
15.6461,2.49322,1.78194
15.6511,5.42095,2.62755
15.6561,3.59851,2.14079
15.6611,5.75722,2.70782
15.6661,1.9155,1.56191
15.6711,3.41023,2.08404
15.6761,2.29447,1.70945
15.6811,4.47531,2.3874
15.6861,4.08495,2.2809
15.6911,5.3613,2.61306
15.6961,5.48084,2.64203
15.7011,2.57441,1.81072
15.7061,4.46624,2.38498
15.7111,7.71961,3.13553
15.7161,5.98838,2.76165
15.7211,2.55491,1.80385
15.7261,5.18203,2.569
15.7311,4.11073,2.28809
15.7361,2.94429,1.93644
15.7411,2.21046,1.67786
15.7461,1.68645,1.46555
15.7511,3.08677,1.98274
15.7561,0.862622,1.04815
15.7611,1.42896,1.34904
15.7661,3.2221,2.02574
15.7711,4.70477,2.44784
15.7761,3.49214,2.10892
15.7811,3.25153,2.03497
15.7861,3.25157,2.03498
15.7911,6.26117,2.82385
15.7961,3.83478,2.20996
15.8011,5.34227,2.60841
15.8061,6.97699,2.9809
15.8111,5.11818,2.55312
15.8161,3.99744,2.25634
15.8211,4.76193,2.46266
15.8261,4.56134,2.41024
15.8311,1.07792,1.17167
15.8361,1.46633,1.36656
15.8411,1.62583,1.43897
15.8461,0.555499,0.841115
15.8511,1.42235,1.34591
15.8561,1.62585,1.43898
15.8611,4.7849,2.46859
15.8661,4.80358,2.47341
15.8711,3.42765,2.08935
15.8761,4.13478,2.29477
15.8811,2.29166,1.7084
15.8861,0.220344,0.529742
15.8911,1.42019,1.34489
15.8961,3.09651,1.98587
15.9011,0.577634,0.857709
15.9061,0.537135,0.827095
15.9111,2.32192,1.71964
15.9161,2.08151,1.62818
15.9211,1.62581,1.43896
15.9261,1.62584,1.43897
15.9311,0.700136,0.944289
15.9361,1.66065,1.45429
15.9411,3.98503,2.25284
15.9461,3.39007,2.07787
15.9511,2.23248,1.68619
15.9561,3.2964,2.04896
15.9611,4.11478,2.28922
15.9661,5.08306,2.54435
15.9711,4.99788,2.52294
15.9761,2.08008,1.62762
15.9811,0.938287,1.09315
15.9861,0.0835891,0.326279
15.9911,3.69049,2.16798
15.9961,3.45132,2.09656
16.0011,4.0465,2.27014
16.0061,2.57688,1.81159
16.0111,1.61288,1.43322
16.0161,4.56896,2.41225
16.0211,5.25784,2.58772
16.0261,3.654,2.15724
16.0311,0.433547,0.743074
16.0361,2.19016,1.67013
16.0411,2.63838,1.83308
16.0461,1.62743,1.43968
16.0511,1.62564,1.43888
16.0561,1.62573,1.43892
16.0611,5.67975,2.68954
16.0661,1.9394,1.57162
16.0711,1.59806,1.42662
16.0761,2.06899,1.62328
16.0811,2.14962,1.65461
16.0861,3.53762,2.12261
16.0911,3.97068,2.24877
16.0961,1.22836,1.25077
16.1011,2.01482,1.60189
16.1061,5.11955,2.55346
16.1111,4.63711,2.43017
16.1161,4.07678,2.27862
16.1211,1.09571,1.1813
16.1261,2.88939,1.9183
16.1311,1.75839,1.49648
16.1361,3.76248,2.18903
16.1411,3.44761,2.09543
16.1461,3.25154,2.03497
16.1511,3.25166,2.03501
16.1561,3.2524,2.03524
16.1611,2.60807,1.82252
16.1661,1.7214,1.48066
16.1711,1.81662,1.52106
16.1761,3.03832,1.96712
16.1811,4.00119,2.2574
16.1861,2.77872,1.8812
16.1911,3.46634,2.10111
16.1961,1.71177,1.47651
16.2011,3.02609,1.96316
16.2061,5.21148,2.57629
16.2111,1.91178,1.56039
16.2161,1.5273,1.39468
16.2211,2.11783,1.64232
16.2261,2.47497,1.77541
16.2311,0.405421,0.718566
16.2361,1.58418,1.42042
16.2411,3.3225,2.05706
16.2461,6.36292,2.8467
16.2511,3.77633,2.19305
16.2561,1.45298,1.36033
16.2611,4.27204,2.33255
16.2661,1.32808,1.30054
16.2711,1.47887,1.3724
16.2761,1.62566,1.43889
16.2811,2.70742,1.85691
16.2861,1.81782,1.52156
16.2911,2.46003,1.77004
16.2961,2.06498,1.6217
16.3011,1.24236,1.25788
16.3061,0.826529,1.02599
16.3111,2.47633,1.7759
16.3161,4.29802,2.33963
16.3211,2.97019,1.94494
16.3261,3.30098,2.05038
16.3311,1.61514,1.43423
16.3361,1.05205,1.15753
16.3411,1.37687,1.32422
16.3461,5.66473,2.68598
16.3511,2.20221,1.67472
16.3561,0.97291,1.11314
16.3611,0.858037,1.04536
16.3661,2.52932,1.7948
16.3711,5.90317,2.74193
16.3761,5.97045,2.75751
16.3811,5.00243,2.52409
16.3861,2.65293,1.83813
16.3911,1.62589,1.43899
16.3961,0.985795,1.12049
16.4011,2.85261,1.90605
16.4061,3.36981,2.07165
16.4111,2.31041,1.71537
16.4161,3.10911,1.9899
16.4211,3.23283,2.02911
16.4261,2.18538,1.66831
16.4311,1.91193,1.56045
16.4361,1.08244,1.17413
16.4411,3.53915,2.12306
16.4461,1.10545,1.18654
16.4511,1.46579,1.36631
16.4561,0.665261,0.92047
16.4611,0.477329,0.779691
16.4661,1.81865,1.52191
16.4711,1.84144,1.53141
16.4761,3.07475,1.97888
16.4811,1.53773,1.39944
16.4861,2.03031,1.60803
16.4911,2.77581,1.88022
16.4961,2.56624,1.80785
16.5011,0.892863,1.06637
16.5061,2.20112,1.67431
16.5111,2.1742,1.66404
16.5161,3.50862,2.11389
16.5211,2.79735,1.8875
16.5261,3.52694,2.1194
16.5311,1.66123,1.45455
16.5361,0.622709,0.890546
16.5411,0.799372,1.00899
16.5461,1.03001,1.14534
16.5511,1.39688,1.33381
16.5561,1.67985,1.46268
16.5611,3.69567,2.1695
16.5661,2.25992,1.69652
16.5711,2.26093,1.6969
16.5761,3.91382,2.23262
16.5811,3.36119,2.069
16.5861,1.16461,1.21788
16.5911,2.79137,1.88548
16.5961,1.84749,1.53393
16.6011,2.12138,1.6437
16.6061,4.31022,2.34295
16.6111,2.39146,1.7452
16.6161,1.87124,1.54376
16.6211,3.22903,2.02791
16.6261,3.54934,2.12612
16.6311,1.15723,1.21401
16.6361,2.44214,1.76359
16.6411,0.930191,1.08843
16.6461,0.939688,1.09397
16.6511,1.63274,1.44202
16.6561,3.11194,1.99081
16.6611,3.25142,2.03493
16.6661,2.67841,1.84694
16.6711,0.891361,1.06547
16.6761,3.27562,2.04249
16.6811,2.09997,1.63539
16.6861,0.946176,1.09774
16.6911,0.0872744,0.333393
16.6961,4.72338,2.45267
16.7011,2.65096,1.83745
16.7061,2.62518,1.82849
16.7111,1.46273,1.36488
16.7161,0.338201,0.656298
16.7211,2.06114,1.6202
16.7261,1.36202,1.31706
16.7311,1.27427,1.27393
16.7361,1.18111,1.22648
16.7411,0.872833,1.05434
16.7461,2.54831,1.80152
16.7511,0.824848,1.02494
16.7561,0.877114,1.05692
16.7611,0.950349,1.10016
16.7661,4.77011,2.46478
16.7711,3.35964,2.06852
16.7761,1.13736,1.20355
16.7811,1.96282,1.58108
16.7861,1.94609,1.57433
16.7911,1.62573,1.43893
16.7961,0.862225,1.04791
16.8011,0.104292,0.364452
16.8061,2.62904,1.82984
16.8111,4.41671,2.37172
16.8161,1.4257,1.3475
16.8211,1.44413,1.35618
16.8261,0.656137,0.914136
16.8311,1.46789,1.36729
16.8361,1.62565,1.43889
16.8411,1.37358,1.32264
16.8461,1.26232,1.26794
16.8511,2.99383,1.95266
16.8561,3.16928,2.00906
16.8611,1.51841,1.39062
16.8661,1.44588,1.357
16.8711,1.22877,1.25098
16.8761,0.0482531,0.2479
16.8811,0,0
16.8861,2.22348,1.68279
16.8911,1.6156,1.43443
16.8961,1.35635,1.31431
16.9011,2.19676,1.67265
16.9061,3.98104,2.25171
16.9111,1.36261,1.31735
16.9161,0.801547,1.01036
16.9211,1.56851,1.41338
16.9261,1.13031,1.19981
16.9311,1.61322,1.43337
16.9361,1.62571,1.43892
16.9411,1.62587,1.43899
16.9461,0.549909,0.836872
16.9511,0.33687,0.655005
16.9561,0.830433,1.02841
16.9611,0.10628,0.367907
16.9661,0,0
16.9711,0.442916,0.751059
16.9761,1.47247,1.36942
16.9811,3.61526,2.14577
16.9861,4.32981,2.34827
16.9911,1.47767,1.37184
16.9965,1.12161,1.19518
