1.004620,0.030694
1.009620,0.068764
1.014620,0.018699
1.019620,0.054150
1.024620,0.093174
1.029620,0.057883
1.034620,0.041908
1.039620,0.022929
1.044620,0.009427
1.049620,0.057655
1.054620,0.087175
1.059620,0.137105
1.064620,0.133804
1.069620,0.066490
1.074620,0.123012
1.079620,0.130762
1.084620,0.086754
1.089620,0.148992
1.094620,0.145010
1.099620,0.068410
1.104620,0.129265
1.109620,0.080105
1.114620,0.104795
1.119620,0.052247
1.124620,0.057894
1.129620,0.106109
1.134620,0.106575
1.139620,0.098530
1.144620,0.053138
1.149620,0.171431
1.154620,0.201902
1.159620,0.144721
1.164620,0.162814
1.169620,0.137317
1.174620,0.177207
1.179620,0.118529
1.184620,0.142996
1.189620,0.120563
1.194620,0.189811
1.199620,0.285144
1.204620,0.217856
1.209620,0.216675
1.214620,0.245504
1.219620,0.215599
1.224620,0.120640
1.229620,0.212489
1.234620,0.157178
1.239620,0.145705
1.244620,0.204361
1.249620,0.213164
1.254620,0.301159
1.259620,0.209161
1.264620,0.232791
1.269620,0.258744
1.274620,0.301840
1.279620,0.286425
1.284620,0.303107
1.289620,0.527497
1.294620,0.542209
1.299620,0.489028
1.304620,0.339047
1.309620,0.620395
1.314620,0.368207
1.319620,0.350462
1.324620,0.376443
1.329620,0.305561
1.334620,0.424435
1.339620,0.392796
1.344620,0.246131
1.349620,0.322611
1.354620,0.428844
1.359620,0.466545
1.364620,0.393994
1.369620,0.405807
1.374620,0.457204
1.379620,0.468545
1.384620,0.442288
1.389620,0.428053
1.394620,0.347130
1.399620,0.371618
1.404620,0.454844
1.409620,0.338093
1.414620,0.382310
1.419620,0.437990
1.424620,0.356897
1.429620,0.457972
1.434620,0.367829
1.439620,0.390344
1.444620,0.658180
1.449620,0.561047
1.454620,0.563390
1.459620,0.586337
1.464620,0.465388
1.469620,0.404644
1.474620,0.341856
1.479620,0.407330
1.484620,0.321546
1.489620,0.468033
1.494620,0.401932
1.499620,0.529921
1.504620,0.578548
1.509620,0.555711
1.514620,0.484094
1.519620,0.552198
1.524620,0.507402
1.529620,0.507408
1.534620,0.436519
1.539620,0.325143
1.544620,0.460147
1.549620,0.666741
1.554620,0.717034
1.559620,0.704568
1.564620,0.810305
1.569620,0.712724
1.574620,0.762917
1.579620,0.810484
1.584620,0.885843
1.589620,0.789625
1.594620,0.827373
1.599620,0.774483
1.604620,0.577488
1.609620,0.716586
1.614620,0.479215
1.619620,0.721558
1.624620,0.571446
1.629620,0.655154
1.634620,0.806185
1.639620,0.603221
1.644620,0.566915
1.649620,0.553087
1.654620,0.562140
1.659620,0.945663
1.664620,0.996429
1.669620,0.741867
1.674620,0.783571
1.679620,0.892258
1.684620,0.801066
1.689620,1.210250
1.694620,1.040300
1.699620,0.892390
1.704620,0.916391
1.709620,0.775101
1.714620,0.780681
1.719620,0.951640
1.724620,0.807393
1.729620,0.639496
1.734620,0.653857
1.739620,0.742359
1.744620,0.926345
1.749620,0.801391
1.754620,0.775441
1.759620,0.879997
1.764620,0.915479
1.769620,0.932869
1.774620,0.841102
1.779620,0.988865
1.784620,1.207560
1.789620,1.476520
1.794620,1.304710
1.799620,1.254890
1.804620,1.441000
1.809620,1.507020
1.814620,1.943830
1.819620,1.846960
1.824620,2.068000
1.829620,1.581140
1.834620,1.502760
1.839620,1.879870
1.844620,1.955680
1.849620,1.866290
1.854620,2.128870
1.859620,2.142500
1.864620,2.400330
1.869620,2.171300
1.874620,1.700200
1.879620,2.034280
1.884620,1.917400
1.889620,1.887060
1.894620,2.352140
1.899620,2.610030
1.904620,2.708910
1.909620,2.118770
1.914620,2.426080
1.919620,2.493410
1.924620,2.366380
1.929620,3.102110
1.934620,3.176310
1.939620,2.946830
1.944620,2.925710
1.949620,3.678070
1.954620,3.646230
1.959620,3.482580
1.964620,3.416220
1.969620,3.789590
1.974620,4.097660
1.979620,4.621020
1.984620,4.482760
1.989620,5.262500
1.994620,5.735000
1.999620,5.567820
2.004620,6.617200
2.009620,7.328020
2.014620,7.634500
2.019620,8.489620
2.024620,9.440410
2.029620,11.544000
2.034620,12.962000
2.039620,15.238100
2.044620,18.144400
2.049620,20.823400
2.054620,24.141700
2.059620,28.038800
2.064620,32.942500
2.069620,34.665900
2.074620,39.835400
2.079620,47.199800
2.084620,53.103000
2.089620,59.055800
2.094620,65.222900
2.099620,69.499100
2.104620,76.207000
2.109620,82.339200
2.114620,87.154700
2.119620,93.839200
2.124620,103.629000
2.129620,108.718000
2.134620,117.493000
2.139620,122.795000
2.144620,129.242000
2.149620,135.567000
2.154620,138.345000
2.159620,138.958000
2.164620,142.147000
2.169620,143.749000
2.174620,150.874000
2.179620,155.249000
2.184620,157.253000
2.189620,160.941000
2.194620,163.757000
2.199620,169.828000
2.204620,173.631000
2.209620,174.208000
2.214620,173.344000
2.219620,175.399000
2.224620,178.464000
2.229620,184.018000
2.234620,183.688000
2.239620,184.033000
2.244620,187.110000
2.249620,187.146000
2.254620,189.030000
2.259620,190.607000
2.264620,191.552000
2.269620,195.387000
2.274620,197.080000
2.279620,200.838000
2.284620,204.316000
2.289620,205.358000
2.294620,204.219000
2.299620,203.739000
2.304620,209.296000
2.309620,209.964000
2.314620,212.246000
2.319620,215.305000
2.324620,218.366000
2.329620,217.990000
2.334620,215.821000
2.339620,216.134000
2.344620,214.187000
2.349620,215.984000
2.354620,214.729000
2.359620,216.358000
2.364620,218.234000
2.369620,218.080000
2.374620,218.592000
2.379620,218.743000
2.384620,223.182000
2.389620,224.205000
2.394620,231.211000
2.399620,233.938000
2.404620,237.741000
2.409620,237.686000
2.414620,238.964000
2.419620,235.581000
2.424620,239.300000
2.429620,245.802000
2.434620,245.956000
2.439620,242.890000
2.444620,250.573000
2.449620,249.326000
2.454620,251.623000
2.459620,254.555000
2.464620,251.687000
2.469620,253.987000
2.474620,253.280000
2.479620,257.156000
2.484620,258.741000
2.489620,259.075000
2.494620,261.459000
2.499620,259.252000
2.504620,260.169000
2.509620,263.201000
2.514620,266.688000
2.519620,262.809000
2.524620,262.782000
2.529620,264.657000
2.534620,262.243000
2.539620,268.206000
2.544620,264.487000
2.549620,267.988000
2.554620,263.595000
2.559620,264.465000
2.564620,265.725000
2.569620,262.511000
2.574620,261.522000
2.579620,266.011000
2.584620,264.009000
2.589620,267.824000
2.594620,260.314000
2.599620,262.025000
2.604620,264.121000
2.609620,265.134000
2.614620,262.822000
2.619620,264.135000
2.624620,262.087000
2.629620,262.256000
2.634620,260.946000
2.639620,259.911000
2.644620,260.582000
2.649620,259.270000
2.654620,257.656000
2.659620,260.675000
2.664620,258.721000
2.669620,257.355000
2.674620,258.131000
2.679620,257.525000
2.684620,261.629000
2.689620,262.666000
2.694620,261.440000
2.699620,261.329000
2.704620,258.652000
2.709620,256.308000
2.714620,254.452000
2.719620,256.321000
2.724620,256.310000
2.729620,254.605000
2.734620,253.901000
2.739620,253.730000
2.744620,249.111000
2.749620,245.948000
2.754620,246.918000
2.759620,251.506000
2.764620,245.188000
2.769620,248.302000
2.774620,248.704000
2.779620,249.318000
2.784620,249.661000
2.789620,246.446000
2.794620,240.114000
2.799620,238.871000
2.804620,236.304000
2.809620,238.139000
2.814620,234.782000
2.819620,237.638000
2.824620,238.286000
2.829620,234.698000
2.834620,234.990000
2.839620,236.787000
2.844620,234.489000
2.849620,232.336000
2.854620,233.562000
2.859620,235.499000
2.864620,237.759000
2.869620,239.481000
2.874620,243.010000
2.879620,244.038000
2.884620,242.756000
2.889620,240.966000
2.894620,238.538000
2.899620,237.986000
2.904620,237.941000
2.909620,233.246000
2.914620,233.974000
2.919620,241.284000
2.924620,239.662000
2.929620,237.596000
2.934620,237.221000
2.939620,237.338000
2.944620,237.014000
2.949620,236.247000
2.954620,235.704000
2.959620,237.728000
2.964620,233.817000
2.969620,229.754000
2.974620,232.028000
2.979620,232.416000
2.984620,232.315000
2.989620,231.925000
2.994620,232.660000
2.999620,231.622000
3.004620,232.245000
3.009620,231.843000
3.014620,231.257000
3.019620,232.954000
3.024620,227.302000
3.029620,225.885000
3.034620,224.908000
3.039620,224.050000
3.044620,226.074000
3.049620,226.471000
3.054620,224.845000
3.059620,229.181000
3.064620,226.473000
3.069620,226.252000
3.074620,229.956000
3.079620,223.830000
3.084620,220.540000
3.089620,220.483000
3.094620,221.874000
3.099620,219.113000
3.104620,218.655000
3.109620,220.225000
3.114620,215.664000
3.119620,218.341000
3.124620,211.995000
3.129620,218.159000
3.134620,215.430000
3.139620,211.175000
3.144620,216.515000
3.149620,212.137000
3.154620,214.130000
3.159620,210.435000
3.164620,209.399000
3.169620,210.618000
3.174620,209.137000
3.179620,209.709000
3.184620,209.045000
3.189620,208.455000
3.194620,207.331000
3.199620,210.552000
3.204620,209.798000
3.209620,208.100000
3.214620,205.615000
3.219620,202.760000
3.224620,204.209000
3.229620,201.683000
3.234620,202.518000
3.239620,202.150000
3.244620,200.882000
3.249620,203.129000
3.254620,199.221000
3.259620,199.370000
3.264620,199.254000
3.269620,198.870000
3.274620,196.923000
3.279620,193.400000
3.284620,194.111000
3.289620,197.490000
3.294620,195.793000
3.299620,194.142000
3.304620,194.072000
3.309620,191.880000
3.314620,190.916000
3.319620,194.413000
3.324620,190.733000
3.329620,194.511000
3.334620,188.294000
3.339620,187.594000
3.344620,187.461000
3.349620,187.074000
3.354620,184.992000
3.359620,186.373000
3.364620,186.548000
3.369620,185.855000
3.374620,182.451000
3.379620,183.255000
3.384620,181.359000
3.389620,179.838000
3.394620,182.044000
3.399620,181.095000
3.404620,181.132000
3.409620,178.993000
3.414620,177.345000
3.419620,177.111000
3.424620,180.051000
3.429620,179.063000
3.434620,175.934000
3.439620,175.533000
3.444620,174.454000
3.449620,174.756000
3.454620,174.593000
3.459620,172.929000
3.464620,170.888000
3.469620,171.847000
3.474620,170.667000
3.479620,172.807000
3.484620,170.794000
3.489620,168.287000
3.494620,166.756000
3.499620,167.766000
3.504620,169.233000
3.509620,167.044000
3.514620,169.112000
3.519620,166.888000
3.524620,165.772000
3.529620,162.574000
3.534620,165.901000
3.539620,163.847000
3.544620,164.521000
3.549620,167.032000
3.554620,167.145000
3.559620,161.436000
3.564620,162.078000
3.569620,164.167000
3.574620,161.860000
3.579620,159.254000
3.584620,156.132000
3.589620,157.499000
3.594620,154.593000
3.599620,153.088000
3.604620,155.755000
3.609620,157.109000
3.614620,157.012000
3.619620,155.372000
3.624620,153.075000
3.629620,152.696000
3.634620,151.035000
3.639620,150.092000
3.644620,146.459000
3.649620,146.063000
3.654620,148.103000
3.659620,146.324000
3.664620,146.033000
3.669620,147.076000
3.674620,145.638000
3.679620,145.399000
3.684620,143.839000
3.689620,143.045000
3.694620,141.511000
3.699620,140.521000
3.704620,144.740000
3.709620,139.857000
3.714620,141.187000
3.719620,138.312000
3.724620,140.228000
3.729620,141.424000
3.734620,139.599000
3.739620,139.103000
3.744620,139.479000
3.749620,139.135000
3.754620,137.568000
3.759620,133.828000
3.764620,132.452000
3.769620,132.429000
3.774620,132.067000
3.779620,132.511000
3.784620,128.716000
3.789620,132.733000
3.794620,131.529000
3.799620,131.217000
3.804620,129.939000
3.809620,129.367000
3.814620,128.896000
3.819620,128.389000
3.824620,127.456000
3.829620,129.758000
3.834620,129.043000
3.839620,128.416000
3.844620,130.318000
3.849620,130.652000
3.854620,127.962000
3.859620,129.261000
3.864620,127.275000
3.869620,129.422000
3.874620,126.064000
3.879620,129.597000
3.884620,126.698000
3.889620,130.524000
3.894620,129.595000
3.899620,128.167000
3.904620,129.143000
3.909620,125.557000
3.914620,125.796000
3.919620,126.778000
3.924620,128.189000
3.929620,125.248000
3.934620,124.354000
3.939620,124.193000
3.944620,125.027000
3.949620,126.097000
3.954620,123.254000
3.959620,120.139000
3.964620,121.843000
3.969620,120.371000
3.974620,118.483000
3.979620,116.073000
3.984620,116.836000
3.989620,116.092000
3.994620,115.979000
3.999620,115.551000
4.004620,114.710000
4.009620,112.173000
4.014620,110.180000
4.019620,111.023000
4.024620,109.308000
4.029620,111.412000
4.034620,108.179000
4.039620,109.653000
4.044620,112.491000
4.049620,110.621000
4.054620,112.954000
4.059620,114.436000
4.064620,112.070000
4.069620,115.167000
4.074620,112.253000
4.079620,114.681000
4.084620,111.681000
4.089620,115.153000
4.094620,115.153000
4.099620,115.688000
4.104620,114.732000
4.109620,114.340000
4.114620,114.752000
4.119620,115.333000
4.124620,116.825000
4.129620,116.682000
4.134620,117.309000
4.139620,115.944000
4.144620,114.646000
4.149620,116.037000
4.154620,115.439000
4.159620,115.905000
4.164620,116.474000
4.169620,116.962000
4.174620,117.589000
4.179620,116.761000
4.184620,115.995000
4.189620,117.824000
4.194620,114.906000
4.199620,115.729000
4.204620,117.796000
4.209620,115.754000
4.214620,115.367000
4.219620,115.088000
4.224620,116.302000
4.229620,114.997000
4.234620,115.533000
4.239620,110.757000
4.244620,111.701000
4.249620,110.981000
4.254620,110.699000
4.259620,109.574000
4.264620,111.507000
4.269620,109.520000
4.274620,107.836000
4.279620,105.771000
4.284620,108.383000
4.289620,106.321000
4.294620,104.837000
4.299620,105.177000
4.304620,106.142000
4.309620,104.393000
4.314620,101.261000
4.319620,100.855000
4.324620,100.251000
4.329620,103.048000
4.334620,100.676000
4.339620,97.765900
4.344620,100.896000
4.349620,102.152000
4.354620,102.143000
4.359620,99.494400
4.364620,99.287000
4.369620,100.168000
4.374620,99.650400
4.379620,100.983000
4.384620,100.677000
4.389620,102.301000
4.394620,101.550000
4.399620,101.694000
4.404620,101.266000
4.409620,104.246000
4.414620,101.807000
4.419620,101.262000
4.424620,101.422000
4.429620,100.435000
4.434620,102.998000
4.439620,100.220000
4.444620,103.676000
4.449620,102.645000
4.454620,101.527000
4.459620,102.363000
4.464620,104.535000
4.469620,103.375000
4.474620,101.522000
4.479620,101.188000
4.484620,101.418000
4.489620,101.971000
4.494620,101.677000
4.499620,101.499000
4.504620,99.391100
4.509620,99.728200
4.514620,101.325000
4.519620,99.770800
4.524620,98.194300
4.529620,98.468100
4.534620,95.764800
4.539620,96.098200
4.544620,94.156900
4.549620,95.668800
4.554620,98.517000
4.559620,96.074000
4.564620,97.097100
4.569620,94.929400
4.574620,92.198900
4.579620,95.179000
4.584620,94.754600
4.589620,95.633100
4.594620,94.635500
4.599620,94.035800
4.604620,90.989900
4.609620,91.040900
4.614620,92.148400
4.619620,89.111800
4.624620,89.569700
4.629620,89.032700
4.634620,89.655100
4.639620,89.087000
4.644620,87.082000
4.649620,84.444900
4.654620,82.582800
4.659620,83.176400
4.664620,78.066100
4.669620,79.869800
4.674620,84.050400
4.679620,83.212400
4.684620,85.041400
4.689620,86.441400
4.694620,84.636400
4.699620,85.195500
4.704620,85.709800
4.709620,87.461300
4.714620,86.247500
4.719620,83.425600
4.724620,83.465900
4.729620,85.421400
4.734620,84.710600
4.739620,85.591900
4.744620,85.018300
4.749620,85.154500
4.754620,85.159000
4.759620,85.574100
4.764620,85.770200
4.769620,84.241000
4.774620,83.385600
4.779620,84.902300
4.784620,82.317600
4.789620,82.565100
4.794620,81.971500
4.799620,81.485900
4.804620,82.243900
4.809620,80.428500
4.814620,80.388700
4.819620,81.600100
4.824620,80.147000
4.829620,79.213700
4.834620,79.216600
4.839620,78.898800
4.844620,77.883300
4.849620,77.810100
4.854620,77.332200
4.859620,77.826400
4.864620,76.335100
4.869620,76.280700
4.874620,75.279600
4.879620,75.426000
4.884620,75.753900
4.889620,77.329000
4.894620,74.686000
4.899620,72.335200
4.904620,73.412200
4.909620,75.022200
4.914620,72.936900
4.919620,74.307300
4.924620,74.035500
4.929620,73.762800
4.934620,74.589100
4.939620,73.869900
4.944620,72.403100
4.949620,71.752900
4.954620,71.225200
4.959620,72.384800
4.964620,72.851700
4.969620,72.217500
4.974620,70.844100
4.979620,70.952300
4.984620,70.599200
4.989620,71.410600
4.994620,70.002900
4.999620,70.585200
5.004620,69.889400
5.009620,71.251800
5.014620,69.074400
5.019620,68.531000
5.024620,69.100400
5.029620,71.273400
5.034620,69.938400
5.039620,69.234100
5.044620,68.949300
5.049620,70.122400
5.054620,69.671500
5.059620,70.299200
5.064620,70.484500
5.069620,69.405900
5.074620,68.586200
5.079620,68.609900
5.084620,70.732500
5.089620,71.979700
5.094620,70.125600
5.099620,68.716800
5.104620,68.226700
5.109620,70.079300
5.114620,68.843800
5.119620,69.496100
5.124620,67.740400
5.129620,68.104200
5.134620,69.116200
5.139620,66.146300
5.144620,67.041700
5.149620,68.212100
5.154620,66.248300
5.159620,69.779200
5.164620,68.159000
5.169620,66.282900
5.174620,66.329100
5.179620,65.123700
5.184620,67.453600
5.189620,66.473200
5.194620,67.029000
5.199620,63.976600
5.204620,63.778600
5.209620,64.506000
5.214620,64.158200
5.219620,64.624100
5.224620,62.002500
5.229620,60.841400
5.234620,60.517200
5.239620,61.432000
5.244620,62.417800
5.249620,62.744400
5.254620,63.148800
5.259620,63.478600
5.264620,63.104100
5.269620,61.646300
5.274620,61.204000
5.279620,60.813200
5.284620,61.410500
5.289620,59.936800
5.294620,60.134400
5.299620,59.765400
5.304620,59.858200
5.309620,60.487100
5.314620,58.047400
5.319620,58.197800
5.324620,58.888100
5.329620,59.552600
5.334620,57.844000
5.339620,56.925000
5.344620,57.769200
5.349620,58.302900
5.354620,57.214000
5.359620,58.844300
5.364620,57.822400
5.369620,55.825100
5.374620,57.636700
5.379620,57.020500
5.384620,56.173700
5.389620,56.509300
5.394620,55.344000
5.399620,54.807900
5.404620,54.918200
5.409620,54.251700
5.414620,55.106200
5.419620,54.557100
5.424620,53.666000
5.429620,53.791800
5.434620,52.338200
5.439620,51.988700
5.444620,53.289800
5.449620,53.775000
5.454620,50.568300
5.459620,51.273800
5.464620,51.399900
5.469620,49.824300
5.474620,47.883200
5.479620,48.796700
5.484620,50.276500
5.489620,51.818300
5.494620,50.264400
5.499620,48.366100
5.504620,49.626800
5.509620,48.623300
5.514620,47.108000
5.519620,47.782000
5.524620,46.655700
5.529620,47.580600
5.534620,46.503000
5.539620,45.692000
5.544620,46.931400
5.549620,46.440600
5.554620,46.340100
5.559620,45.576500
5.564620,44.337500
5.569620,46.173700
5.574620,45.760600
5.579620,45.478500
5.584620,45.645400
5.589620,45.932900
5.594620,45.086500
5.599620,43.859600
5.604620,44.167000
5.609620,44.899000
5.614620,44.315400
5.619620,46.056300
5.624620,44.409600
5.629620,44.045200
5.634620,42.727300
5.639620,43.600500
5.644620,44.101500
5.649620,44.404500
5.654620,43.732800
5.659620,43.866200
5.664620,43.270300
5.669620,43.433700
5.674620,44.768700
5.679620,43.359900
5.684620,43.721300
5.689620,43.196000
5.694620,43.565600
5.699620,42.837000
5.704620,42.248300
5.709620,42.110000
5.714620,42.815000
5.719620,43.253200
5.724620,42.627600
5.729620,41.679200
5.734620,41.254500
5.739620,41.520300
5.744620,43.716000
5.749620,42.964400
5.754620,40.513400
5.759620,41.753700
5.764620,40.760300
5.769620,41.537200
5.774620,40.894500
5.779620,39.849000
5.784620,41.188500
5.789620,40.515900
5.794620,40.990600
5.799620,40.974900
5.804620,40.473200
5.809620,42.239100
5.814620,40.426100
5.819620,40.043000
5.824620,40.891600
5.829620,39.823400
5.834620,39.588600
5.839620,39.681400
5.844620,38.691800
5.849620,40.106700
5.854620,40.286200
5.859620,40.487400
5.864620,39.971700
5.869620,39.952600
5.874620,40.420500
5.879620,39.119600
5.884620,38.257800
5.889620,39.414000
5.894620,38.838400
5.899620,38.974500
5.904620,39.500000
5.909620,38.580700
5.914620,39.950500
5.919620,38.245400
5.924620,37.877600
5.929620,38.064700
5.934620,38.582900
5.939620,38.656200
5.944620,36.812800
5.949620,36.359000
5.954620,37.371800
5.959620,37.925000
5.964620,36.655600
5.969620,36.482200
5.974620,37.142800
5.979620,37.109300
5.984620,36.945900
5.989620,37.073500
5.994620,37.640300
5.999620,36.303700
6.004620,36.145200
6.009620,37.648600
6.014620,35.317400
6.019620,34.286800
6.024620,36.356200
6.029620,36.308400
6.034620,36.008400
6.039620,34.858200
6.044620,35.292000
6.049620,35.533100
6.054620,35.388700
6.059620,33.752300
6.064620,35.482200
6.069620,34.514400
6.074620,34.431700
6.079620,36.800400
6.084620,35.325100
6.089620,35.051800
6.094620,35.261700
6.099620,33.877700
6.104620,34.375900
6.109620,35.417000
6.114620,34.112000
6.119620,33.060900
6.124620,32.766000
6.129620,33.489600
6.134620,32.089800
6.139620,33.382700
6.144620,33.784400
6.149620,33.440700
6.154620,34.509100
6.159620,33.951500
6.164620,33.162400
6.169620,33.197700
6.174620,33.289300
6.179620,32.647500
6.184620,31.319700
6.189620,31.783400
6.194620,31.267600
6.199620,31.249500
6.204620,31.232600
6.209620,32.277500
6.214620,30.754300
6.219620,31.720800
6.224620,30.628300
6.229620,30.376300
6.234620,29.391400
6.239620,30.609200
6.244620,29.613900
6.249620,30.422800
6.254620,30.499700
6.259620,30.321100
6.264620,30.707800
6.269620,28.412800
6.274620,29.919300
6.279620,30.131400
6.284620,29.819500
6.289620,28.489300
6.294620,29.100400
6.299620,29.329600
6.304620,29.290900
6.309620,28.765000
6.314620,29.441500
6.319620,28.410600
6.324620,29.101000
6.329620,27.739600
6.334620,27.126800
6.339620,28.223500
6.344620,28.391400
6.349620,28.410100
6.354620,28.316300
6.359620,27.517400
6.364620,28.220800
6.369620,27.252500
6.374620,27.155800
6.379620,28.326100
6.384620,28.148900
6.389620,27.870700
6.394620,27.625400
6.399620,26.618800
6.404620,26.314400
6.409620,26.456300
6.414620,26.997200
6.419620,26.680700
6.424620,26.042000
6.429620,25.370100
6.434620,26.130200
6.439620,25.952400
6.444620,25.690900
6.449620,26.536700
6.454620,26.542500
6.459620,25.070600
6.464620,25.685200
6.469620,26.619800
6.474620,25.528800
6.479620,25.938900
6.484620,25.239100
6.489620,24.727100
6.494620,24.452700
6.499620,24.505900
6.504620,24.215000
6.509620,24.588700
6.514620,24.656600
6.519620,25.871900
6.524620,25.177400
6.529620,23.845000
6.534620,23.998100
6.539620,23.895200
6.544620,24.223300
6.549620,24.126300
6.554620,23.600900
6.559620,23.353600
6.564620,23.009900
6.569620,22.443300
6.574620,22.371300
6.579620,23.302300
6.584620,22.128400
6.589620,22.201900
6.594620,23.725900
6.599620,23.212400
6.604620,23.660200
6.609620,21.879000
6.614620,21.947900
6.619620,22.009400
6.624620,22.378800
6.629620,21.649800
6.634620,22.856600
6.639620,22.420900
6.644620,22.058200
6.649620,21.503500
6.654620,22.472600
6.659620,23.443800
6.664620,21.973600
6.669620,21.121100
6.674620,20.926800
6.679620,21.176000
6.684620,21.864900
6.689620,22.246300
6.694620,21.710200
6.699620,20.630200
6.704620,20.814200
6.709620,21.449400
6.714620,20.469600
6.719620,20.843700
6.724620,20.622100
6.729620,21.756900
6.734620,21.343500
6.739620,20.951200
6.744620,20.466800
6.749620,20.899200
6.754620,20.377900
6.759620,19.785200
6.764620,19.588700
6.769620,19.048100
6.774620,20.298500
6.779620,19.439500
6.784620,20.320700
6.789620,20.541000
6.794620,19.752900
6.799620,20.328300
6.804620,19.931600
6.809620,18.886500
6.814620,20.253900
6.819620,19.161200
6.824620,18.002900
6.829620,19.540000
6.834620,19.334800
6.839620,19.856400
6.844620,19.451700
6.849620,18.888400
6.854620,18.943300
6.859620,19.453300
6.864620,19.931400
6.869620,19.509900
6.874620,18.706700
6.879620,18.247300
6.884620,17.814900
6.889620,18.252800
6.894620,18.890500
6.899620,18.145700
6.904620,18.967100
6.909620,18.871300
6.914620,18.619200
6.919620,18.206500
6.924620,17.674200
6.929620,18.306100
6.934620,17.708100
6.939620,18.059400
6.944620,18.216400
6.949620,17.827800
6.954620,17.970900
6.959620,18.720400
6.964620,18.769700
6.969620,17.688100
6.974620,17.404000
6.979620,17.532000
6.984620,16.851400
6.989620,17.217300
6.994620,16.610100
6.999620,17.599000
7.004620,16.652400
7.009620,16.121500
7.014620,16.885500
7.019620,16.615600
7.024620,16.384000
7.029620,16.459500
7.034620,16.705300
7.039620,15.969200
7.044620,16.296000
7.049620,16.712900
7.054620,17.093000
7.059620,16.064000
7.064620,16.135000
7.069620,16.580500
7.074620,17.535700
7.079620,17.030400
7.084620,16.737800
7.089620,16.532000
7.094620,15.950300
7.099620,15.649000
7.104620,16.393800
7.109620,16.685600
7.114620,16.391700
7.119620,15.248800
7.124620,15.865900
7.129620,15.592900
7.134620,15.245700
7.139620,15.121400
7.144620,14.846700
7.149620,14.881300
7.154620,15.097100
7.159620,14.529900
7.164620,15.103600
7.169620,15.570400
7.174620,15.131500
7.179620,14.354500
7.184620,14.923900
7.189620,15.127200
7.194620,14.833100
7.199620,15.323000
7.204620,14.929300
7.209620,14.454100
7.214620,15.068700
7.219620,13.768000
7.224620,14.067300
7.229620,15.302400
7.234620,14.616700
7.239620,14.024500
7.244620,14.824200
7.249620,14.422900
7.254620,13.506000
7.259620,14.231200
7.264620,14.675900
7.269620,13.897400
7.274620,14.028200
7.279620,13.579700
7.284620,14.087400
7.289620,14.470600
7.294620,14.257700
7.299620,13.430900
7.304620,13.389200
7.309620,13.181800
7.314620,13.829400
7.319620,13.076700
7.324620,13.021900
7.329620,14.053700
7.334620,13.494900
7.339620,13.672700
7.344620,13.211100
7.349620,13.358300
7.354620,14.243900
7.359620,13.464500
7.364620,13.655500
7.369620,12.896600
7.374620,13.527400
7.379620,12.929100
7.384620,12.404800
7.389620,13.488400
7.394620,13.468500
7.399620,13.248200
7.404620,13.532100
7.409620,13.195100
7.414620,12.497400
7.419620,12.695700
7.424620,13.527300
7.429620,13.136600
7.434620,12.875300
7.439620,12.333000
7.444620,12.280400
7.449620,11.743600
7.454620,12.442600
7.459620,12.575100
7.464620,12.404900
7.469620,12.200300
7.474620,12.350000
7.479620,11.498400
7.484620,11.698100
7.489620,11.300800
7.494620,11.865200
7.499620,11.630400
7.504620,12.846600
7.509620,12.135300
7.514620,11.875900
7.519620,12.974600
7.524620,11.153900
7.529620,11.897900
7.534620,12.646400
7.539620,11.868000
7.544620,11.516800
7.549620,12.610200
7.554620,11.545500
7.559620,12.283300
7.564620,12.318700
7.569620,12.019500
7.574620,11.601800
7.579620,11.923000
7.584620,11.773200
7.589620,11.242600
7.594620,11.824800
7.599620,11.816700
7.604620,11.166200
7.609620,11.163100
7.614620,11.130700
7.619620,11.795300
7.624620,10.338700
7.629620,11.144700
7.634620,11.242800
7.639620,11.400300
7.644620,11.603000
7.649620,10.678400
7.654620,10.743200
7.659620,11.454200
7.664620,10.728700
7.669620,10.604700
7.674620,10.936200
7.679620,11.172000
7.684620,10.516300
7.689620,10.954900
7.694620,11.016900
7.699620,10.451000
7.704620,10.343800
7.709620,10.138500
7.714620,10.452500
7.719620,10.404200
7.724620,10.447300
7.729620,10.046400
7.734620,10.521000
7.739620,10.874400
7.744620,10.111500
7.749620,9.818900
7.754620,10.095200
7.759620,10.394800
7.764620,9.991940
7.769620,10.037000
7.774620,9.520910
7.779620,10.063000
7.784620,10.301000
7.789620,10.257100
7.794620,10.045000
7.799620,9.530790
7.804620,9.959260
7.809620,10.732500
7.814620,9.716040
7.819620,9.877750
7.824620,9.439400
7.829620,9.211950
7.834620,9.669540
7.839620,9.561840
7.844620,9.486940
7.849620,9.698330
7.854620,10.242000
7.859620,9.287590
7.864620,9.589470
7.869620,9.109900
7.874620,9.227730
7.879620,9.375960
7.884620,9.966570
7.889620,9.417910
7.894620,9.542340
7.899620,9.111360
7.904620,9.184030
7.909620,9.234660
7.914620,8.790990
7.919620,8.813620
7.924620,9.065340
7.929620,8.518810
7.934620,9.122040
7.939620,8.499970
7.944620,8.750370
7.949620,9.027100
7.954620,8.739610
7.959620,9.058190
7.964620,8.696190
7.969620,9.029800
7.974620,9.055840
7.979620,9.319060
7.984620,8.098030
7.989620,8.510410
7.994620,9.332330
7.999620,9.011280
8.004620,8.954140
8.009620,9.167910
8.014620,8.954500
8.019620,8.681250
8.024620,8.933290
8.029620,8.323370
8.034620,8.712580
8.039620,8.541690
8.044620,7.967300
8.049620,8.932110
8.054620,8.735610
8.059620,8.873100
8.064620,8.663700
8.069620,8.738200
8.074620,8.404370
8.079620,8.040610
8.084620,8.529040
8.089620,8.172920
8.094620,8.400270
8.099620,7.660400
8.104620,8.003660
8.109620,8.482350
8.114620,7.967190
8.119620,8.281660
8.124620,8.563090
8.129620,7.956440
8.134620,7.821350
8.139620,8.187260
8.144620,7.996970
8.149620,7.784480
8.154620,7.436240
8.159620,7.536000
8.164620,8.111080
8.169620,7.689740
8.174620,7.302010
8.179620,7.736890
8.184620,7.630050
8.189620,7.785950
8.194620,7.828080
8.199620,7.620000
8.204620,6.916130
8.209620,7.345120
8.214620,7.491990
8.219620,7.727470
8.224620,7.585560
8.229620,7.241200
8.234620,7.825760
8.239620,7.739720
8.244620,7.694790
8.249620,7.880260
8.254620,7.287300
8.259620,7.515600
8.264620,6.948800
8.269620,6.655000
8.274620,7.282330
8.279620,7.051830
8.284620,6.980970
8.289620,6.609640
8.294620,7.050610
8.299620,6.802710
8.304620,6.461710
8.309620,7.296050
8.314620,7.046190
8.319620,6.570450
8.324620,6.817120
8.329620,7.230260
8.334620,7.235710
8.339620,7.240450
8.344620,7.065130
8.349620,6.233640
8.354620,6.244840
8.359620,6.505290
8.364620,6.970720
8.369620,7.072400
8.374620,6.838250
8.379620,6.722860
8.384620,6.304380
8.389620,6.954190
8.394620,6.414940
8.399620,6.522920
8.404620,6.356980
8.409620,6.564460
8.414620,6.780590
8.419620,6.823080
8.424620,6.375020
8.429620,6.349550
8.434620,6.998060
8.439620,6.270960
8.444620,6.115120
8.449620,6.089970
8.454620,6.083050
8.459620,6.989590
8.464620,7.017900
8.469620,7.090280
8.474620,6.748810
8.479620,5.769670
8.484620,6.161710
8.489620,6.798540
8.494620,5.970710
8.499620,6.176100
8.504620,6.182810
8.509620,6.126040
8.514620,6.123370
8.519620,6.218440
8.524620,6.277160
8.529620,6.176160
8.534620,6.115900
8.539620,5.716830
8.544620,6.111700
8.549620,6.373050
8.554620,6.335050
8.559620,5.660780
8.564620,5.516350
8.569620,5.842340
8.574620,5.968710
8.579620,6.394180
8.584620,5.633370
8.589620,5.748430
8.594620,6.108620
8.599620,6.380610
8.604620,6.344430
8.609620,5.906820
8.614620,6.318540
8.619620,6.098010
8.624620,5.592130
8.629620,5.505800
8.634620,5.631410
8.639620,6.350150
8.644620,5.817390
8.649620,5.694520
8.654620,6.057700
8.659620,5.204020
8.664620,5.930880
8.669620,5.822480
8.674620,5.942290
8.679620,5.800900
8.684620,6.076460
8.689620,6.148550
8.694620,5.542370
8.699620,5.279680
8.704620,5.018560
8.709620,5.581230
8.714620,5.467170
8.719620,5.427670
8.724620,4.994470
8.729620,5.393330
8.734620,5.056790
8.739620,5.089090
8.744620,5.278590
8.749620,4.981570
8.754620,4.751620
8.759620,5.266950
8.764620,5.133240
8.769620,5.006980
8.774620,5.512050
8.779620,5.436930
8.784620,5.046870
8.789620,4.802250
8.794620,5.105210
8.799620,5.172680
8.804620,5.278100
8.809620,5.029690
8.814620,5.187070
8.819620,4.684100
8.824620,4.624650
8.829620,5.129760
8.834620,4.860940
8.839620,4.547640
8.844620,4.952720
8.849620,4.618060
8.854620,4.781550
8.859620,4.574780
8.864620,4.911900
8.869620,5.204280
8.874620,4.579130
8.879620,5.397760
8.884620,5.256150
8.889620,4.909040
8.894620,4.746370
8.899620,4.567320
8.904620,4.741710
8.909620,5.208230
8.914620,5.224580
8.919620,4.799240
8.924620,4.578450
8.929620,4.494450
8.934620,4.392190
8.939620,5.192270
8.944620,5.167360
8.949620,4.299150
8.954620,4.571250
8.959620,4.452360
8.964620,4.521920
8.969620,4.409950
8.974620,4.648570
8.979620,4.417020
8.984620,4.425190
8.989620,4.732290
8.994620,4.401820
8.999620,4.057160
9.004620,4.549890
9.009620,4.649790
9.014620,4.580070
9.019620,4.462680
9.024620,4.948220
9.029620,4.517270
9.034620,4.420700
9.039620,4.280540
9.044620,4.383830
9.049620,4.399950
9.054620,4.942790
9.059620,4.691340
9.064620,4.753200
9.069620,4.367320
9.074620,4.091140
9.079620,4.716650
9.084620,4.415000
9.089620,4.662070
9.094620,4.662480
9.099620,4.367970
9.104620,4.770830
9.109620,4.809510
9.114620,4.178020
9.119620,3.925440
9.124620,3.866850
9.129620,4.340950
9.134620,3.881350
9.139620,3.896910
9.144620,4.168170
9.149620,4.412170
9.154620,4.214510
9.159620,4.383590
9.164620,4.378460
9.169620,4.195860
9.174620,4.282750
9.179620,4.201910
9.184620,3.912310
9.189620,3.904010
9.194620,3.988920
9.199620,4.170230
9.204620,3.906870
9.209620,4.345870
9.214620,4.021340
9.219620,3.445130
9.224620,3.532490
9.229620,3.705670
9.234620,3.754480
9.239620,4.028460
9.244620,3.649100
9.249620,3.805760
9.254620,4.101720
9.259620,3.767470
9.264620,3.793080
9.269620,3.724200
9.274620,4.455410
9.279620,3.864390
9.284620,4.163360
9.289620,3.927000
9.294620,3.979140
9.299620,3.887480
9.304620,4.068870
9.309620,4.112920
9.314620,3.874790
9.319620,3.645460
9.324620,3.374590
9.329620,3.563340
9.334620,3.682850
9.339620,4.203100
9.344620,3.922060
9.349620,3.495300
9.354620,3.440030
9.359620,3.507480
9.364620,3.415100
9.369620,3.668970
9.374620,3.766080
9.379620,3.758950
9.384620,3.711240
9.389620,3.603440
9.394620,3.601840
9.399620,3.541480
9.404620,3.384290
9.409620,3.428580
9.414620,3.731470
9.419620,3.511930
9.424620,3.961960
9.429620,3.651870
9.434620,2.997620
9.439620,3.135400
9.444620,2.960130
9.449620,3.013400
9.454620,3.745540
9.459620,3.652920
9.464620,3.125770
9.469620,3.487940
9.474620,3.265520
9.479620,3.176070
9.484620,3.247490
9.489620,3.204490
9.494620,3.163000
9.499620,3.463630
9.504620,3.485220
9.509620,3.655000
9.514620,3.552110
9.519620,3.324860
9.524620,3.393770
9.529620,3.289620
9.534620,3.437550
9.539620,3.470810
9.544620,3.153170
9.549620,3.344850
9.554620,3.549740
9.559620,3.138350
9.564620,3.201170
9.569620,3.113340
9.574620,3.239550
9.579620,3.354920
9.584620,3.175280
9.589620,3.374320
9.594620,3.080900
9.599620,3.177500
9.604620,2.969820
9.609620,3.014480
9.614620,3.472510
9.619620,3.232450
9.624620,2.880730
9.629620,2.821510
9.634620,3.092790
9.639620,2.695920
9.644620,3.110460
9.649620,2.913690
9.654620,3.268120
9.659620,3.051390
9.664620,3.254830
9.669620,2.949000
9.674620,2.956340
9.679620,2.824230
9.684620,3.258350
9.689620,3.247450
9.694620,2.949300
9.699620,2.800350
9.704620,2.902190
9.709620,3.088030
9.714620,2.873570
9.719620,3.050010
9.724620,3.069350
9.729620,2.980870
9.734620,3.108900
9.739620,2.887220
9.744620,2.938860
9.749620,3.036600
9.754620,3.084060
9.759620,2.660210
9.764620,2.574460
9.769620,3.117410
9.774620,3.102840
9.779620,3.194290
9.784620,2.966890
9.789620,3.401880
9.794620,2.528870
9.799620,2.608910
9.804620,2.796820
9.809620,2.560280
9.814620,2.879550
9.819620,3.008990
9.824620,3.133450
9.829620,2.681810
9.834620,2.802350
9.839620,2.731100
9.844620,2.563930
9.849620,2.386050
9.854620,2.321540
9.859620,2.413200
9.864620,2.440760
9.869620,2.874570
9.874620,2.618060
9.879620,2.872250
9.884620,2.763770
9.889620,2.615210
9.894620,2.251060
9.899620,2.383160
9.904620,2.719980
9.909620,2.900280
9.914620,2.614390
9.919620,2.534220
9.924620,2.673940
9.929620,2.745610
9.934620,2.774210
9.939620,2.934600
9.944620,2.709760
9.949620,3.033900
9.954620,2.560480
9.959620,2.482010
9.964620,2.330620
9.969620,2.384060
9.974620,3.053680
9.979620,2.393120
9.984620,2.608130
9.989620,2.590850
9.994620,2.299300
9.999620,2.455900
10.004600,2.654020
10.009600,2.531420
10.014600,2.493550
10.019600,2.162990
10.024600,2.370610
10.029600,2.730210
10.034600,2.484490
10.039600,2.448510
10.044600,2.145090
10.049600,2.325880
10.054600,2.537660
10.059600,2.270060
10.064600,2.175400
10.069600,2.370910
10.074600,2.478380
10.079600,2.041040
10.084600,2.134420
10.089600,2.491270
10.094600,2.289440
10.099600,2.492020
10.104600,2.264580
10.109600,2.360610
10.114600,2.291700
10.119600,2.009330
10.124600,2.635350
10.129600,2.314220
10.134600,2.474660
10.139600,2.127340
10.144600,2.044210
10.149600,2.082230
10.154600,2.119490
10.159600,2.138150
10.164600,2.081090
10.169600,2.104200
10.174600,2.182920
10.179600,2.250230
10.184600,2.871190
10.189600,2.614190
10.194600,2.138410
10.199600,2.657320
10.204600,2.577460
10.209600,2.186890
10.214600,2.175100
10.219600,2.132330
10.224600,2.094850
10.229600,2.049650
10.234600,1.908090
10.239600,2.389660
10.244600,2.104130
10.249600,2.012420
10.254600,2.343380
10.259600,2.250000
10.264600,2.127110
10.269600,2.502600
10.274600,2.210210
10.279600,2.158890
10.284600,2.505210
10.289600,2.064860
10.294600,1.948530
10.299600,1.962720
10.304600,1.962570
10.309600,1.893040
10.314600,1.721320
10.319600,2.052140
10.324600,1.992820
10.329600,1.793330
10.334600,1.630540
10.339600,1.729770
10.344600,2.108890
10.349600,2.023890
10.354600,2.245820
10.359600,2.098970
10.364600,2.080060
10.369600,2.101270
10.374600,2.239680
10.379600,1.568760
10.384600,1.690150
10.389600,1.795030
10.394600,2.056860
10.399600,1.991560
10.404600,2.032640
10.409600,1.826010
10.414600,2.095790
10.419600,1.906660
10.424600,1.928510
10.429600,1.841850
10.434600,1.937320
10.439600,1.719850
10.444600,1.876150
10.449600,1.675600
10.454600,2.119400
10.459600,2.060930
10.464600,1.900810
10.469600,1.868790
10.474600,2.180170
10.479600,2.135770
10.484600,1.789280
10.489600,1.907230
10.494600,2.058390
10.499600,1.887240
10.504600,2.059480
10.509600,1.770720
10.514600,1.760060
10.519600,1.855820
10.524600,1.952880
10.529600,1.843070
10.534600,1.751090
10.539600,1.430370
10.544600,1.529840
10.549600,1.609730
10.554600,2.014740
10.559600,1.609480
10.564600,1.668960
10.569600,1.782930
10.574600,1.739090
10.579600,1.686160
10.584600,1.657440
10.589600,1.511620
10.594600,1.387100
10.599600,1.623440
10.604600,1.881540
10.609600,1.977120
10.614600,1.609610
10.619600,1.631840
10.624600,1.857680
10.629600,1.685660
10.634600,1.716340
10.639600,1.732510
10.644600,1.567130
10.649600,1.554540
10.654600,1.615510
10.659600,1.677330
10.664600,1.539420
10.669600,1.612900
10.674600,1.642670
10.679600,1.399240
10.684600,1.710570
10.689600,1.358960
10.694600,1.598430
10.699600,1.594640
10.704600,1.490180
10.709600,1.685540
10.714600,1.178240
10.719600,1.316460
10.724600,1.616800
10.729600,2.068100
10.734600,1.669500
10.739600,1.607170
10.744600,1.522590
10.749600,1.668460
10.754600,1.594630
10.759600,1.575870
10.764600,1.355500
10.769600,1.438950
10.774600,1.630030
10.779600,1.319350
10.784600,1.810870
10.789600,1.604510
10.794600,1.679350
10.799600,1.589490
10.804600,1.450580
10.809600,1.699660
10.814600,1.592110
10.819600,1.388780
10.824600,1.386860
10.829600,1.494060
10.834600,1.161260
10.839600,1.152500
10.844600,1.433900
10.849600,1.765090
10.854600,1.546280
10.859600,1.386270
10.864600,1.301290
10.869600,1.005430
10.874600,1.480640
10.879600,1.711360
10.884600,1.232470
10.889600,1.433750
10.894600,1.338500
10.899600,1.596810
10.904600,1.772150
10.909600,1.498030
10.914600,1.622330
10.919600,1.650730
10.924600,1.256190
10.929600,1.184340
10.934600,1.401040
10.939600,1.377200
10.944600,1.621330
10.949600,1.449110
10.954600,1.345110
10.959600,1.225640
10.964600,1.358150
10.969600,1.350870
10.974600,1.485120
10.979600,1.562260
10.984600,1.434690
10.989600,1.351360
10.994600,1.436640
10.999600,1.300970
11.004600,1.180970
11.009600,1.537810
11.014600,1.605250
11.019600,1.479810
11.024600,1.435760
11.029600,1.242880
11.034600,1.186120
11.039600,1.605230
11.044600,1.487100
11.049600,1.530890
11.054600,1.647060
11.059600,1.223310
11.064600,1.126540
11.069600,1.370770
11.074600,1.333620
11.079600,1.496880
11.084600,1.079390
11.089600,1.387900
11.094600,1.729420
11.099600,1.315170
11.104600,1.379120
11.109600,1.095460
11.114600,0.923153
11.119600,1.114450
11.124600,1.119710
11.129600,1.236830
11.134600,1.398230
11.139600,1.540570
11.144600,1.100480
11.149600,1.111370
11.154600,1.073510
11.159600,1.158630
11.164600,1.262460
11.169600,1.436820
11.174600,1.261490
11.179600,1.428710
11.184600,1.304400
11.189600,1.328760
11.194600,1.166410
11.199600,1.168770
11.204600,1.310570
11.209600,1.318960
11.214600,1.099830
11.219600,1.436450
11.224600,1.367680
11.229600,1.382080
11.234600,1.174120
11.239600,1.225660
11.244600,1.320830
11.249600,1.073710
11.254600,0.936038
11.259600,1.206270
11.264600,1.354740
11.269600,1.249980
11.274600,1.446180
11.279600,1.209470
11.284600,1.551380
11.289600,1.356690
11.294600,1.149640
11.299600,1.272050
11.304600,1.179490
11.309600,1.086970
11.314600,1.081110
11.319600,1.192240
11.324600,1.278520
11.329600,1.134430
11.334600,1.079440
11.339600,1.142810
11.344600,1.255850
11.349600,1.219390
11.354600,1.120340
11.359600,1.121790
11.364600,1.023720
11.369600,0.982714
11.374600,1.005420
11.379600,1.091920
11.384600,1.038910
11.389600,1.192200
11.394600,1.010550
11.399600,1.116320
11.404600,1.061390
11.409600,1.335590
11.414600,1.083830
11.419600,1.046330
11.424600,1.103190
11.429600,0.988384
11.434600,0.987192
11.439600,1.020660
11.444600,1.161770
11.449600,1.047140
11.454600,1.138130
11.459600,1.205810
11.464600,1.137190
11.469600,1.079320
11.474600,1.057240
11.479600,1.157070
11.484600,1.105480
11.489600,1.059410
11.494600,0.944115
11.499600,1.123090
11.504600,1.200620
11.509600,0.869508
11.514600,0.923357
11.519600,1.032510
11.524600,0.840947
11.529600,0.916538
11.534600,1.083700
11.539600,0.951685
11.544600,1.008100
11.549600,0.782450
11.554600,0.784571
11.559600,0.980222
11.564600,1.026470
11.569600,1.045060
11.574600,0.915260
11.579600,1.152860
11.584600,1.357620
11.589600,1.113130
11.594600,1.046620
11.599600,0.931275
11.604600,0.918586
11.609600,1.044680
11.614600,1.041880
11.619600,0.992129
11.624600,0.959233
11.629600,0.815727
11.634600,1.194480
11.639600,1.033550
11.644600,0.906379
11.649600,0.928084
11.654600,1.292370
11.659600,1.016270
11.664600,0.902571
11.669600,0.989994
11.674600,0.778564
11.679600,0.791131
11.684600,0.761206
11.689600,0.916128
11.694600,1.014940
11.699600,0.841084
11.704600,0.883211
11.709600,0.877260
11.714600,0.863354
11.719600,0.919617
11.724600,0.831064
11.729600,0.855871
11.734600,0.824687
11.739600,0.948394
11.744600,1.005060
11.749600,0.951149
11.754600,0.822253
11.759600,0.886947
11.764600,0.924556
11.769600,0.803306
11.774600,0.748701
11.779600,1.061690
11.784600,0.922257
11.789600,0.701575
11.794600,0.785308
11.799600,0.964119
11.804600,0.961111
11.809600,1.001380
11.814600,0.874518
11.819600,0.878143
11.824600,1.122710
11.829600,0.693287
11.834600,0.828493
11.839600,0.714236
11.844600,0.855209
11.849600,0.786841
11.854600,0.773013
11.859600,0.697207
11.864600,0.976009
11.869600,1.034670
11.874600,0.966685
11.879600,1.034780
11.884600,1.134110
11.889600,0.837997
11.894600,0.947837
11.899600,0.692476
11.904600,0.680203
11.909600,0.804098
11.914600,1.005160
11.919600,0.830904
11.924600,0.749008
11.929600,0.552588
11.934600,0.741618
11.939600,0.952851
11.944600,0.915862
11.949600,1.012970
11.954600,0.846374
11.959600,0.805254
11.964600,0.848969
11.969600,0.854369
11.974600,0.806135
11.979600,0.853472
11.984600,0.622793
11.989600,0.824462
11.994600,0.614497
11.999600,0.747787
12.004600,0.735813
12.009600,0.732286
12.014600,1.009710
12.019600,0.839249
12.024600,0.811187
12.029600,0.843394
12.034600,0.774602
12.039600,0.730250
12.044600,0.625186
12.049600,0.865548
12.054600,0.792178
12.059600,0.883870
12.064600,0.730976
12.069600,0.655959
12.074600,0.898422
12.079600,1.053840
12.084600,0.878088
12.089600,0.727620
12.094600,0.709433
12.099600,0.781001
12.104600,0.825378
12.109600,0.728918
12.114600,0.642585
12.119600,0.695953
12.124600,0.815362
12.129600,0.810021
12.134600,0.598331
12.139600,0.527244
12.144600,0.482143
12.149600,0.670785
12.154600,0.883159
12.159600,0.641727
12.164600,0.778853
12.169600,0.965362
12.174600,0.873394
12.179600,0.701055
12.184600,0.721106
12.189600,0.630748
12.194600,0.450045
12.199600,0.789967
12.204600,0.776892
12.209600,0.743260
12.214600,0.955671
12.219600,0.769847
12.224600,0.683117
12.229600,0.714104
12.234600,0.673319
12.239600,0.590774
12.244600,0.604036
12.249600,0.717621
12.254600,0.626529
12.259600,0.740452
12.264600,0.793727
12.269600,0.726104
12.274600,0.726688
12.279600,0.872871
12.284600,0.787694
12.289600,0.774135
12.294600,0.909155
12.299600,0.877094
12.304600,0.597598
12.309600,0.694996
12.314600,0.601413
12.319600,0.731952
12.324600,0.763423
12.329600,0.709359
12.334600,0.497744
12.339600,0.625212
12.344600,0.517266
12.349600,0.448839
12.354600,0.616451
12.359600,0.788171
12.364600,0.683628
12.369600,0.494034
12.374600,0.595776
12.379600,0.692781
12.384600,0.824314
12.389600,0.676305
12.394600,0.556948
12.399600,0.604203
12.404600,0.586657
12.409600,0.722333
12.414600,0.458143
12.419600,0.389233
12.424600,0.590031
12.429600,0.754061
12.434600,0.638752
12.439600,0.498921
12.444600,0.651442
12.449600,0.519259
12.454600,0.568151
12.459600,0.666582
12.464600,0.657724
12.469600,0.663406
12.474600,0.700881
12.479600,0.632155
12.484600,0.492403
12.489600,0.531100
12.494600,0.544936
12.499600,0.581245
12.504600,0.575703
12.509600,0.706506
12.514600,0.760965
12.519600,0.716761
12.524600,0.587869
12.529600,0.472140
12.534600,0.627349
12.539600,0.780074
12.544600,0.717764
12.549600,0.772215
12.554600,0.555307
12.559600,0.404569
12.564600,0.359861
12.569600,0.636044
12.574600,0.501914
12.579600,0.606491
12.584600,0.576204
12.589600,0.468870
12.594600,0.569693
12.599600,0.493080
12.604600,0.473670
12.609600,0.541096
12.614600,0.628392
12.619600,0.512384
12.624600,0.536205
12.629600,0.626808
12.634600,0.475354
12.639600,0.662235
12.644600,0.469364
12.649600,0.368983
12.654600,0.414306
12.659600,0.547213
12.664600,0.604935
12.669600,0.520503
12.674600,0.443766
12.679600,0.398364
12.684600,0.359052
12.689600,0.507252
12.694600,0.705490
12.699600,0.587362
12.704600,0.420139
12.709600,0.416398
12.714600,0.737507
12.719600,0.667442
12.724600,0.680885
12.729600,0.581911
12.734600,0.625095
12.739600,0.563633
12.744600,0.373043
12.749600,0.360034
12.754600,0.541972
12.759600,0.396437
12.764600,0.407174
12.769600,0.537905
12.774600,0.549271
12.779600,0.442197
12.784600,0.461889
12.789600,0.279153
12.794600,0.482736
12.799600,0.490034
12.804600,0.474479
12.809600,0.584761
12.814600,0.694236
12.819600,0.444237
12.824600,0.391864
12.829600,0.364286
12.834600,0.532856
12.839600,0.511942
12.844600,0.454694
12.849600,0.409972
12.854600,0.331500
12.859600,0.384770
12.864600,0.354430
12.869600,0.597415
12.874600,0.540329
12.879600,0.403849
12.884600,0.503817
12.889600,0.452443
12.894600,0.522358
12.899600,0.520667
12.904600,0.314442
12.909600,0.476255
12.914600,0.462439
12.919600,0.597594
12.924600,0.404438
12.929600,0.396548
12.934600,0.451372
12.939600,0.323363
12.944600,0.527413
12.949600,0.574468
12.954600,0.509957
12.959600,0.398574
12.964600,0.427788
12.969600,0.500427
12.974600,0.579267
12.979600,0.537292
12.984600,0.455027
12.989600,0.545230
12.994600,0.599594
12.999600,0.556227
13.004600,0.403837
13.009600,0.299017
13.014600,0.408767
13.019600,0.507520
13.024600,0.350532
13.029600,0.508032
13.034600,0.619903
13.039600,0.627012
13.044600,0.507180
13.049600,0.528732
13.054600,0.595747
13.059600,0.606357
13.064600,0.496164
13.069600,0.409110
13.074600,0.338146
13.079600,0.568847
13.084600,0.356014
13.089600,0.405031
13.094600,0.458964
13.099600,0.444359
13.104600,0.514318
13.109600,0.545715
13.114600,0.722552
13.119600,0.585019
13.124600,0.445638
13.129600,0.395897
13.134600,0.311540
13.139600,0.431230
13.144600,0.507274
13.149600,0.490146
13.154600,0.346485
13.159600,0.427878
13.164600,0.436740
13.169600,0.386041
13.174600,0.550139
13.179600,0.496324
13.184600,0.477552
13.189600,0.443590
13.194600,0.651710
13.199600,0.525673
13.204600,0.366691
13.209600,0.396497
13.214600,0.402984
13.219600,0.437757
13.224600,0.433904
13.229600,0.401970
13.234600,0.491203
13.239600,0.339520
13.244600,0.322836
13.249600,0.318710
13.254600,0.394030
13.259600,0.451306
13.264600,0.275344
13.269600,0.367106
13.274600,0.354826
13.279600,0.475047
13.284600,0.564581
13.289600,0.385801
13.294600,0.376320
13.299600,0.382278
13.304600,0.477333
13.309600,0.436480
13.314600,0.484343
13.319600,0.435794
13.324600,0.327795
13.329600,0.331363
13.334600,0.415982
13.339600,0.501067
13.344600,0.336857
13.349600,0.281871
13.354600,0.488532
13.359600,0.273153
13.364600,0.358430
13.369600,0.318641
13.374600,0.294387
13.379600,0.425712
13.384600,0.402044
13.389600,0.345289
13.394600,0.321987
13.399600,0.374199
13.404600,0.437547
13.409600,0.571452
13.414600,0.460982
13.419600,0.439883
13.424600,0.503231
13.429600,0.350535
13.434600,0.271861
13.439600,0.412854
13.444600,0.332791
13.449600,0.281583
13.454600,0.280924
13.459600,0.267483
13.464600,0.365891
13.469600,0.408297
13.474600,0.336292
13.479600,0.514749
13.484600,0.378277
13.489600,0.496989
13.494600,0.427355
13.499600,0.362691
13.504600,0.225524
13.509600,0.338924
13.514600,0.352728
13.519600,0.245783
13.524600,0.349378
13.529600,0.289572
13.534600,0.270447
13.539600,0.425057
13.544600,0.329801
13.549600,0.373037
13.554600,0.387800
13.559600,0.274329
13.564600,0.276522
13.569600,0.282938
13.574600,0.238517
13.579600,0.241389
13.584600,0.361134
13.589600,0.373525
13.594600,0.237288
13.599600,0.244995
13.604600,0.419959
13.609600,0.289482
13.614600,0.223570
13.619600,0.337105
13.624600,0.391839
13.629600,0.361504
13.634600,0.463546
13.639600,0.308277
13.644600,0.372029
13.649600,0.268306
13.654600,0.464995
13.659600,0.358272
13.664600,0.198639
13.669600,0.242232
13.674600,0.248195
13.679600,0.274844
13.684600,0.198217
13.689600,0.362943
13.694600,0.355350
13.699600,0.313474
13.704600,0.322139
13.709600,0.365235
13.714600,0.263912
13.719600,0.251015
13.724600,0.202901
13.729600,0.229175
13.734600,0.292536
13.739600,0.446732
13.744600,0.231012
13.749600,0.277221
13.754600,0.327333
13.759600,0.349846
13.764600,0.401004
13.769600,0.242561
13.774600,0.260483
13.779600,0.304581
13.784600,0.326730
13.789600,0.357953
13.794600,0.327727
13.799600,0.442251
13.804600,0.466960
13.809600,0.241640
13.814600,0.334799
13.819600,0.223663
13.824600,0.379362
13.829600,0.286220
13.834600,0.237440
13.839600,0.251663
13.844600,0.346687
13.849600,0.274347
13.854600,0.436806
13.859600,0.285086
13.864600,0.309944
13.869600,0.272805
13.874600,0.276530
13.879600,0.338863
13.884600,0.187847
13.889600,0.301362
13.894600,0.393923
13.899600,0.295116
13.904600,0.282237
13.909600,0.207975
13.914600,0.442688
13.919600,0.431398
13.924600,0.332561
13.929600,0.422154
13.934600,0.366909
13.939600,0.220730
13.944600,0.309576
13.949600,0.285641
13.954600,0.300967
13.959600,0.292885
13.964600,0.226062
13.969600,0.230989
13.974600,0.322374
13.979600,0.390853
13.984600,0.299661
13.989600,0.327071
13.994600,0.290004
13.999600,0.219556
14.004600,0.268113
14.009600,0.303387
14.014600,0.282547
14.019600,0.216265
14.024600,0.103283
14.029600,0.195179
14.034600,0.352791
14.039600,0.258424
14.044600,0.290600
14.049600,0.215145
14.054600,0.270742
14.059600,0.222420
14.064600,0.169285
14.069600,0.218467
14.074600,0.203231
14.079600,0.277317
14.084600,0.239405
14.089600,0.157508
14.094600,0.199082
14.099600,0.405052
14.104600,0.240740
14.109600,0.326875
14.114600,0.258655
14.119600,0.251169
14.124600,0.221260
14.129600,0.278508
14.134600,0.340443
14.139600,0.322643
14.144600,0.271434
14.149600,0.232566
14.154600,0.133015
14.159600,0.233566
14.164600,0.244319
14.169600,0.130649
14.174600,0.294961
14.179600,0.363612
14.184600,0.135014
14.189600,0.274410
14.194600,0.388027
14.199600,0.391313
14.204600,0.262892
14.209600,0.236380
14.214600,0.185987
14.219600,0.246074
14.224600,0.402790
14.229600,0.229839
14.234600,0.134918
14.239600,0.232160
14.244600,0.204549
14.249600,0.297507
14.254600,0.183372
14.259600,0.200864
14.264600,0.221758
14.269600,0.148283
14.274600,0.231878
14.279600,0.316310
14.284600,0.224735
14.289600,0.203303
14.294600,0.130818
14.299600,0.158322
14.304600,0.152227
14.309600,0.228963
14.314600,0.201434
14.319600,0.223011
14.324600,0.103777
14.329600,0.087974
14.334600,0.066719
14.339600,0.050411
14.344600,0.121165
14.349600,0.134415
14.354600,0.076527
14.359600,0.099686
14.364600,0.014765
14.369600,0.021847
14.374600,0.118617
14.379600,0.063199
14.384600,0.061560
14.389600,0.049096
14.394600,0.070193
14.399600,0.008918
14.404600,0.031275
14.409600,0.043770
14.414600,0.000000
14.419600,0.000000
14.424600,0.000000
14.429600,0.000000
14.434600,0.000000
14.439600,0.000000
14.444600,0.000000
14.449600,0.000000
14.454600,0.000000
14.459600,0.000000
14.464600,0.000000
14.469600,0.000000
14.474600,0.000000
14.479600,0.000000
14.484600,0.000000
14.489600,0.000000
14.494600,0.000000
14.499600,0.000000
14.504600,0.000000
14.509600,0.000000
14.514600,0.000000
14.519600,0.000000
14.524600,0.000000
14.529600,0.000000
14.534600,0.000000
14.539600,0.000000
14.544600,0.000000
14.549600,0.000000
14.554600,0.000000
14.559600,0.000000
14.564600,0.000000
14.569600,0.000000
14.574600,0.000000
14.579600,0.000000
14.584600,0.000000
14.589600,0.000000
14.594600,0.000000
14.599600,0.000000
14.604600,0.000000
14.609600,0.000000
14.614600,0.000000
14.619600,0.000000
14.624600,0.000000
14.629600,0.000000
14.634600,0.000000
14.639100,0.000000
