
1.00335,151.443,5.29243
1.00835,176.094,5.70694
1.01335,172.754,5.65255
1.01835,175.579,5.69858
1.02335,185.357,5.8551
1.02835,176.045,5.70614
1.03335,200.411,6.08823
1.03835,203.267,6.13145
1.04335,207.895,6.20087
1.04835,206.238,6.1761
1.05335,198.91,6.06538
1.05835,214.845,6.30366
1.06335,217.592,6.34383
1.06835,225.464,6.45757
1.07335,209.47,6.22431
1.07835,221.871,6.40591
1.08335,226.461,6.47183
1.08835,238.321,6.63914
1.09335,254.44,6.85998
1.09835,268.251,7.0437
1.10335,247.981,6.77235
1.10835,218.455,6.3564
1.11335,260.92,6.94678
1.11835,275.502,7.13826
1.12335,266.969,7.02685
1.12835,241.929,6.6892
1.13335,238.099,6.63604
1.13835,250.712,6.80954
1.14335,273.035,7.10624
1.14835,291.4,7.34134
1.15335,280.132,7.198
1.15835,279.343,7.18785
1.16335,276.129,7.14639
1.16835,277.029,7.15803
1.17335,279.981,7.19606
1.17835,310.654,7.57999
1.18335,321.215,7.70776
1.18835,305.734,7.51972
1.19335,314.427,7.62589
1.19835,342.105,7.95445
1.20335,356.716,8.12254
1.20835,363.099,8.19489
1.21335,360.988,8.17103
1.21835,339.899,7.92876
1.22335,334.289,7.86306
1.22835,340.06,7.93064
1.23335,359.098,8.14961
1.23835,375.048,8.32864
1.24335,375.385,8.33238
1.24835,411.985,8.72913
1.25335,402.243,8.62531
1.25835,410.386,8.71218
1.26335,417.063,8.78277
1.26835,424.418,8.85987
1.27335,419.399,8.80733
1.27835,407.139,8.67764
1.28335,440.926,9.03053
1.28835,473.467,9.35783
1.29335,479.346,9.41575
1.29835,479.685,9.41908
1.30335,443.687,9.05876
1.30835,492.814,9.54711
1.31335,505.453,9.66876
1.31835,510.864,9.72037
1.32335,488.084,9.50118
1.32835,485.911,9.48001
1.33335,520.988,9.81621
1.33835,516.869,9.77733
1.34335,504.371,9.6584
1.34835,455.492,9.17848
1.35335,464.183,9.26563
1.35835,528.056,9.88258
1.36335,504.769,9.66222
1.36835,511.035,9.722
1.37335,522.716,9.83248
1.37835,555.266,10.134
1.38335,542.932,10.0208
1.38835,540.54,9.99872
1.39335,542.136,10.0135
1.39835,537.002,9.96594
1.40335,548.35,10.0707
1.40835,567.752,10.2473
1.41335,580.003,10.3573
1.41835,582.814,10.3823
1.42335,571.011,10.2767
1.42835,605.992,10.5868
1.43335,557.852,10.1576
1.43835,532.831,9.92716
1.44335,586.583,10.4159
1.44835,601.982,10.5517
1.45335,641.558,10.893
1.45835,642.794,10.9035
1.46335,652.585,10.9862
1.46835,644.323,10.9165
1.47335,638.106,10.8637
1.47835,640.89,10.8873
1.48335,650.178,10.966
1.48835,653.172,10.9912
1.49335,618.061,10.6917
1.49835,645.759,10.9286
1.50335,623.276,10.7367
1.50835,644.056,10.9142
1.51335,655.088,11.0073
1.51835,594.554,10.4864
1.52335,605.723,10.5844
1.52835,640.488,10.8839
1.53335,603.137,10.5618
1.53835,619.531,10.7044
1.54335,620.587,10.7135
1.54835,648.131,10.9487
1.55335,671.569,11.1449
1.55835,685.133,11.2569
1.56335,685.928,11.2634
1.56835,709.984,11.4592
1.57335,711.037,11.4677
1.57835,719.379,11.5348
1.58335,739.653,11.6962
1.58835,746.638,11.7513
1.59335,736.25,11.6693
1.59835,737.971,11.6829
1.60335,705.106,11.4198
1.60835,739.73,11.6968
1.61335,766.099,11.9034
1.61835,754.998,11.8169
1.62335,715.79,11.506
1.62835,748.497,11.7659
1.63335,783.48,12.0377
1.63835,781.051,12.0191
1.64335,803.559,12.191
1.64835,809.97,12.2395
1.65335,803.861,12.1933
1.65835,812.87,12.2614
1.66335,849.17,12.5322
1.66835,841.3,12.474
1.67335,850.932,12.5452
1.67835,848.216,12.5252
1.68335,816.082,12.2856
1.68835,837.357,12.4447
1.69335,880.301,12.7599
1.69835,859.239,12.6063
1.70335,862.938,12.6334
1.70835,886.278,12.8031
1.71335,882.923,12.7788
1.71835,853.331,12.5629
1.72335,858.469,12.6006
1.72835,903.304,12.9255
1.73335,938.431,13.1744
1.73835,922.61,13.0629
1.74335,913.544,12.9986
1.74835,910.712,12.9784
1.75335,952.322,13.2716
1.75835,939.899,13.1847
1.76335,928.663,13.1057
1.76835,948.874,13.2475
1.77335,957.564,13.308
1.77835,1000.89,13.6058
1.78335,989.496,13.5281
1.78835,970.422,13.3971
1.79335,1008.55,13.6577
1.79835,1021.44,13.7447
1.80335,1018.94,13.7279
1.80835,1058.02,13.9887
1.81335,1065.65,14.0391
1.81835,1062.98,14.0214
1.82335,1061.65,14.0127
1.82835,1065.22,14.0362
1.83335,1102.99,14.2829
1.83835,1087.3,14.181
1.84335,1084.4,14.162
1.84835,1092.91,14.2175
1.85335,1067.76,14.053
1.85835,1086.93,14.1785
1.86335,1106.87,14.308
1.86835,1125.8,14.4298
1.87335,1157.81,14.6335
1.87835,1161.61,14.6575
1.88335,1104.86,14.295
1.88835,1016.29,13.7101
1.89335,1054.05,13.9624
1.89835,1164.92,14.6784
1.90335,1200.42,14.9004
1.90835,1169.21,14.7054
1.91335,1220.08,15.0219
1.91835,1264.44,15.2925
1.92335,1229.3,15.0785
1.92835,1239.64,15.1418
1.93335,1284.85,15.4154
1.93835,1239.22,15.1393
1.94335,1153.39,14.6056
1.94835,1227.71,15.0688
1.95335,1272.93,15.3438
1.95835,1306.13,15.5426
1.96335,1316.26,15.6027
1.96835,1345.17,15.7732
1.97335,1339.64,15.7407
1.97835,1312.75,15.5819
1.98335,1284.25,15.4119
1.98835,1327.84,15.6713
1.99335,1327.29,15.668
1.99835,1369.15,15.9131
2.00335,1381.9,15.9871
2.00835,1406.44,16.1284
2.01335,1409.67,16.1469
2.01835,1384.88,16.0043
2.02335,1440.03,16.3199
2.02835,1432.62,16.2778
2.03335,1427.34,16.2478
2.03835,1471.86,16.4992
2.04335,1496.62,16.6374
2.04835,1523.98,16.7888
2.05335,1547.09,16.9156
2.05835,1587.88,17.1372
2.06335,1604.94,17.229
2.06835,1585.51,17.1244
2.07335,1606.13,17.2354
2.07835,1676.74,17.6102
2.08335,1656.6,17.5041
2.08835,1665.3,17.55
2.09335,1696.46,17.7134
2.09835,1615.14,17.2836
2.10335,1676.65,17.6097
2.10835,1692.14,17.6908
2.11335,1684.88,17.6529
2.11835,1726.52,17.8697
2.12335,1771.47,18.1008
2.12835,1782.58,18.1575
2.13335,1781.4,18.1514
2.13835,1805.03,18.2714
2.14335,1841.37,18.4545
2.14835,1852.06,18.5079
2.15335,1860.91,18.5521
2.15835,1871.49,18.6048
2.16335,1862.54,18.5602
2.16835,1892.62,18.7095
2.17335,1925.67,18.8722
2.17835,1943.26,18.9581
2.18335,1985.63,19.1637
2.18835,1998.65,19.2264
2.19335,1998.03,19.2234
2.19835,2004.41,19.2541
2.20335,2023.15,19.3439
2.20835,2041.23,19.4302
2.21335,2049.94,19.4716
2.21835,2079.46,19.6113
2.22335,2074.12,19.5861
2.22835,2140.49,19.897
2.23335,2133.87,19.8662
2.23835,2132.92,19.8618
2.24335,2175.59,20.0595
2.24835,2200.72,20.1749
2.25335,2182.9,20.0931
2.25835,2213.49,20.2334
2.26335,2252.84,20.4125
2.26835,2251.46,20.4062
2.27335,2246.34,20.383
2.27835,2272.75,20.5025
2.28335,2307.06,20.6567
2.28835,2340.79,20.8071
2.29335,2322.27,20.7246
2.29835,2367.47,20.9254
2.30335,2359.22,20.8888
2.30835,2416.05,21.1389
2.31335,2405.35,21.0921
2.31835,2429.81,21.199
2.32335,2439.22,21.2401
2.32835,2441.4,21.2495
2.33335,2458.94,21.3257
2.33835,2478.83,21.4118
2.34335,2451.38,21.2929
2.34835,2452.35,21.2972
2.35335,2384.36,20.9998
2.35835,2413.83,21.1292
2.36335,2439.82,21.2427
2.36835,2490.44,21.4619
2.37335,2487.13,21.4476
2.37835,2461.65,21.3375
2.38335,2470.36,21.3752
2.38835,2531,21.636
2.39335,2573.86,21.8184
2.39835,2600.57,21.9313
2.40335,2597.32,21.9176
2.40835,2627.52,22.0446
2.41335,2645.45,22.1198
2.41835,2635.35,22.0775
2.42335,2633.82,22.0711
2.42835,2668.81,22.2172
2.43335,2697.07,22.3345
2.43835,2715.41,22.4103
2.44335,2740.45,22.5134
2.44835,2766.02,22.6182
2.45335,2803.91,22.7726
2.45835,2868.38,23.0329
2.46335,2824.56,22.8563
2.46835,2827.32,22.8675
2.47335,2853.83,22.9744
2.47835,2877.63,23.07
2.48335,2881.35,23.0849
2.48835,2884.95,23.0993
2.49335,2898.26,23.1525
2.49835,2894.58,23.1379
2.50335,2894.73,23.1384
2.50835,2901.32,23.1648
2.51335,2918.62,23.2337
2.51835,2890.42,23.1212
2.52335,2902.33,23.1688
2.52835,2904.56,23.1777
2.53335,2903.39,23.1731
2.53835,2927.09,23.2674
2.54335,2950.75,23.3613
2.54835,2885.72,23.1024
2.55335,2900.68,23.1622
2.55835,2912.76,23.2104
2.56335,2943.89,23.3341
2.56835,2945.92,23.3421
2.57335,2980.51,23.4788
2.57835,2954.23,23.3751
2.58335,2934.97,23.2987
2.58835,2924.59,23.2575
2.59335,2935.73,23.3017
2.59835,2939.64,23.3173
2.60335,2925.43,23.2608
2.60835,2924.63,23.2576
2.61335,2906.34,23.1848
2.61835,2884.25,23.0965
2.62335,2873.46,23.0533
2.62835,2922.27,23.2483
2.63335,2897.17,23.1482
2.63835,2897.09,23.1479
2.64335,2868.94,23.0351
2.64835,2907.53,23.1895
2.65335,2882.85,23.0909
2.65835,2880.35,23.0809
2.66335,2902.87,23.171
2.66835,2900.16,23.1602
2.67335,2881.57,23.0858
2.67835,2825.9,22.8617
2.68335,2865.16,23.02
2.68835,2842.67,22.9295
2.69335,2844.8,22.938
2.69835,2852.95,22.9709
2.70335,2846.23,22.9438
2.70835,2857.73,22.9901
2.71335,2815.97,22.8215
2.71835,2805.64,22.7796
2.72335,2820.65,22.8405
2.72835,2837.07,22.9069
2.73335,2829.7,22.8771
2.73835,2830.1,22.8787
2.74335,2813.87,22.813
2.74835,2767.49,22.6242
2.75335,2782.21,22.6843
2.75835,2772.3,22.6439
2.76335,2729.59,22.4688
2.76835,2639.2,22.0936
2.77335,2707,22.3756
2.77835,2720.02,22.4293
2.78335,2707.56,22.3779
2.78835,2696.65,22.3328
2.79335,2722.6,22.44
2.79835,2677.47,22.2532
2.80335,2701.66,22.3535
2.80835,2585.2,21.8664
2.81335,2592.54,21.8974
2.81835,2624.34,22.0313
2.82335,2609.2,21.9677
2.82835,2598.63,21.9231
2.83335,2627.5,22.0446
2.83835,2595.19,21.9086
2.84335,2612.81,21.9829
2.84835,2604.16,21.9465
2.85335,2589.36,21.884
2.85835,2587.41,21.8758
2.86335,2600.46,21.9309
2.86835,2617.78,22.0038
2.87335,2643.69,22.1124
2.87835,2642.84,22.1088
2.88335,2617.28,22.0016
2.88835,2652.91,22.1509
2.89335,2654.84,22.159
2.89835,2688.22,22.2978
2.90335,2617.11,22.001
2.90835,2620.08,22.0134
2.91335,2660.5,22.1826
2.91835,2607.29,21.9596
2.92335,2626.93,22.0422
2.92835,2609.76,21.97
2.93335,2609,21.9668
2.93835,2598.72,21.9235
2.94335,2589.67,21.8853
2.94835,2570.74,21.8052
2.95335,2570.36,21.8035
2.95835,2573.93,21.8187
2.96335,2571.59,21.8088
2.96835,2562.91,21.7719
2.97335,2569.09,21.7982
2.97835,2553.88,21.7336
2.98335,2536.24,21.6584
2.98835,2528.31,21.6245
2.99335,2536.29,21.6586
2.99835,2544.57,21.6939
3.00335,2505.16,21.5253
3.00835,2496.25,21.4869
3.01335,2479.95,21.4167
3.01835,2510.1,21.5465
3.02335,2501.4,21.5091
3.02835,2480.21,21.4178
3.03335,2478.63,21.411
3.03835,2468.57,21.3674
3.04335,2446.36,21.2711
3.04835,2473.79,21.3901
3.05335,2429.89,21.1994
3.05835,2434.28,21.2186
3.06335,2439.23,21.2401
3.06835,2411.88,21.1207
3.07335,2409.42,21.1099
3.07835,2439.47,21.2412
3.08335,2409.48,21.1102
3.08835,2379.15,20.9769
3.09335,2386.36,21.0087
3.09835,2388.22,21.0168
3.10335,2401.98,21.0773
3.10835,2404.66,21.0891
3.11335,2369.63,20.9349
3.11835,2345.23,20.8268
3.12335,2329.25,20.7558
3.12835,2311.7,20.6774
3.13335,2324.07,20.7327
3.13835,2349.53,20.8459
3.14335,2330.06,20.7593
3.14835,2329.41,20.7564
3.15335,2287.12,20.5672
3.15835,2290.5,20.5824
3.16335,2305.74,20.6507
3.16835,2279.87,20.5346
3.17335,2297.26,20.6127
3.17835,2278.62,20.5289
3.18335,2270.86,20.494
3.18835,2281.88,20.5436
3.19335,2266.43,20.4739
3.19835,2249.55,20.3976
3.20335,2257.41,20.4332
3.20835,2251,20.4042
3.21335,2237.15,20.3413
3.21835,2242.63,20.3662
3.22335,2231.48,20.3155
3.22835,2209.64,20.2158
3.23335,2201.76,20.1798
3.23835,2204.08,20.1903
3.24335,2164.97,20.0104
3.24835,2170.1,20.0341
3.25335,2187.61,20.1148
3.25835,2186.55,20.1099
3.26335,2122.71,19.8141
3.26835,2124.5,19.8225
3.27335,2121.53,19.8086
3.27835,2150.98,19.9457
3.28335,2094.47,19.6819
3.28835,2100.66,19.711
3.29335,2127.66,19.8373
3.29835,2100.76,19.7114
3.30335,2080.42,19.6158
3.30835,2088.78,19.6552
3.31335,2083.37,19.6297
3.31835,2071.26,19.5726
3.32335,2042.14,19.4345
3.32835,2050.02,19.4719
3.33335,2029.79,19.3756
3.33835,2059.14,19.5152
3.34335,2039.99,19.4243
3.34835,2022.07,19.3388
3.35335,2007.9,19.2709
3.35835,2012.17,19.2914
3.36335,1991.47,19.1919
3.36835,2001.53,19.2403
3.37335,2005.08,19.2573
3.37835,1984.04,19.156
3.38335,1978.07,19.1272
3.38835,1976.22,19.1183
3.39335,1963.39,19.0561
3.39835,1951.31,18.9974
3.40335,1971.58,19.0958
3.40835,1952.05,19.001
3.41335,1970.86,19.0923
3.41835,1944.31,18.9633
3.42335,1912.95,18.8097
3.42835,1932.02,18.9033
3.43335,1915.13,18.8204
3.43835,1905.53,18.7732
3.44335,1890.59,18.6995
3.44835,1887.26,18.683
3.45335,1913.37,18.8118
3.45835,1900.64,18.7491
3.46335,1875.77,18.626
3.46835,1862.99,18.5625
3.47335,1865.39,18.5744
3.47835,1855.86,18.5269
3.48335,1855.52,18.5252
3.48835,1844.04,18.4678
3.49335,1810.72,18.3002
3.49835,1817.68,18.3354
3.50335,1806.09,18.2768
3.50835,1796.75,18.2295
3.51335,1797.51,18.2334
3.51835,1782.64,18.1578
3.52335,1802.39,18.2581
3.52835,1772.68,18.107
3.53335,1761.51,18.0498
3.53835,1772.39,18.1055
3.54335,1780.79,18.1483
3.54835,1730.19,17.8886
3.55335,1762.39,18.0543
3.55835,1720.37,17.8378
3.56335,1730.71,17.8913
3.56835,1736.16,17.9194
3.57335,1721.62,17.8443
3.57835,1705.49,17.7605
3.58335,1704.5,17.7553
3.58835,1678.38,17.6188
3.59335,1682.81,17.642
3.59835,1682.97,17.6428
3.60335,1665.57,17.5514
3.60835,1689.32,17.6761
3.61335,1674.88,17.6004
3.61835,1620.89,17.3144
3.62335,1645.14,17.4434
3.62835,1653.64,17.4884
3.63335,1647.84,17.4577
3.63835,1598.41,17.1939
3.64335,1605.06,17.2296
3.64835,1585.65,17.1251
3.65335,1624.23,17.3322
3.65835,1596.84,17.1854
3.66335,1581.13,17.1007
3.66835,1570.64,17.0439
3.67335,1565.08,17.0137
3.67835,1554,16.9533
3.68335,1560.77,16.9903
3.68835,1557.96,16.9749
3.69335,1538.6,16.8691
3.69835,1478.18,16.5346
3.70335,1483.52,16.5644
3.70835,1510.72,16.7156
3.71335,1491.79,16.6106
3.71835,1481.03,16.5505
3.72335,1489.2,16.5961
3.72835,1457.57,16.4189
3.73335,1491.78,16.6105
3.73835,1484.16,16.568
3.74335,1451.05,16.3822
3.74835,1462.46,16.4464
3.75335,1485.83,16.5773
3.75835,1448.23,16.3662
3.76335,1437.1,16.3032
3.76835,1414.01,16.1717
3.77335,1417.37,16.1909
3.77835,1402.41,16.1053
3.78335,1396.24,16.0698
3.78835,1408.28,16.1389
3.79335,1405.05,16.1204
3.79835,1415.07,16.1778
3.80335,1423.42,16.2255
3.80835,1420.71,16.21
3.81335,1423.15,16.2239
3.81835,1395.99,16.0684
3.82335,1388.24,16.0237
3.82835,1373.89,15.9406
3.83335,1378.4,15.9668
3.83835,1387.42,16.019
3.84335,1390.43,16.0364
3.84835,1409.58,16.1464
3.85335,1401.86,16.1021
3.85835,1389.15,16.0289
3.86335,1373.86,15.9405
3.86835,1336.73,15.7236
3.87335,1355.51,15.8337
3.87835,1369.58,15.9156
3.88335,1365.82,15.8938
3.88835,1362.19,15.8727
3.89335,1370.69,15.9221
3.89835,1352.92,15.8185
3.90335,1363.64,15.8811
3.90835,1333.57,15.705
3.91335,1329.19,15.6792
3.91835,1347.94,15.7894
3.92335,1320.13,15.6257
3.92835,1335.83,15.7183
3.93335,1335.08,15.7139
3.93835,1341.61,15.7523
3.94335,1325.55,15.6577
3.94835,1301.22,15.5134
3.95335,1303.93,15.5295
3.95835,1301.7,15.5162
3.96335,1281.4,15.3947
3.96835,1288.04,15.4346
3.97335,1260.63,15.2695
3.97835,1259.74,15.2641
3.98335,1257.33,15.2495
3.98835,1267.44,15.3107
3.99335,1267.27,15.3097
3.99835,1258.16,15.2545
4.00335,1225.9,15.0577
4.00835,1207.52,14.9444
4.01335,1207.18,14.9423
4.01835,1217.09,15.0035
4.02335,1223.71,15.0442
4.02835,1193.44,14.857
4.03335,1211.39,14.9683
4.03835,1216.64,15.0007
4.04335,1203.33,14.9184
4.04835,1223.87,15.0452
4.05335,1205.49,14.9318
4.05835,1227.76,15.0691
4.06335,1223.55,15.0432
4.06835,1239.41,15.1404
4.07335,1246.7,15.1849
4.07835,1250.01,15.205
4.08335,1228.54,15.0739
4.08835,1239.66,15.1419
4.09335,1265.1,15.2965
4.09835,1240.34,15.1461
4.10335,1235.62,15.1173
4.10835,1225.66,15.0562
4.11335,1215.87,14.9959
4.11835,1224.04,15.0462
4.12335,1208.07,14.9478
4.12835,1217.62,15.0067
4.13335,1204.97,14.9286
4.13835,1207.92,14.9468
4.14335,1205.91,14.9344
4.14835,1218.66,15.0131
4.15335,1193.71,14.8586
4.15835,1214.28,14.9862
4.16335,1190.14,14.8364
4.16835,1189.21,14.8307
4.17335,1208.04,14.9476
4.17835,1198.72,14.8898
4.18335,1204.62,14.9264
4.18835,1188.92,14.8288
4.19335,1179.19,14.768
4.19835,1155.72,14.6203
4.20335,1175.05,14.7421
4.20835,1181.62,14.7832
4.21335,1199.99,14.8977
4.21835,1180.81,14.7782
4.22335,1147.46,14.5679
4.22835,1153.11,14.6038
4.23335,1145.21,14.5537
4.23835,1133.48,14.479
4.24335,1163.26,14.668
4.24835,1135.83,14.494
4.25335,1115.8,14.3656
4.25835,1140.76,14.5254
4.26335,1159.62,14.6449
4.26835,1147.25,14.5667
4.27335,1153.6,14.6069
4.27835,1145.23,14.5538
4.28335,1123.95,14.418
4.28835,1124.88,14.4239
4.29335,1114.43,14.3567
4.29835,1121.53,14.4024
4.30335,1118.21,14.3811
4.30835,1111.45,14.3376
4.31335,1091.94,14.2111
4.31835,1075.95,14.1067
4.32335,1093.69,14.2226
4.32835,1100.51,14.2668
4.33335,1073.28,14.0892
4.33835,1108.68,14.3197
4.34335,1089.04,14.1923
4.34835,1078.37,14.1226
4.35335,1080.59,14.1371
4.35835,1087.29,14.1809
4.36335,1086.9,14.1783
4.36835,1110.59,14.332
4.37335,1081.29,14.1417
4.37835,1059.11,13.9959
4.38335,1066.93,14.0475
4.38835,1063.97,14.028
4.39335,1067.31,14.05
4.39835,1083.23,14.1544
4.40335,1075.73,14.1053
4.40835,1057.62,13.9861
4.41335,1055.31,13.9708
4.41835,1067.86,14.0536
4.42335,1062.5,14.0183
4.42835,1046.3,13.911
4.43335,1056.3,13.9773
4.43835,1033.76,13.8274
4.44335,1030.03,13.8025
4.44835,1030.5,13.8056
4.45335,1031.31,13.811
4.45835,1042.96,13.8888
4.46335,1033.63,13.8265
4.46835,1029.22,13.797
4.47335,1013.77,13.6931
4.47835,1028.88,13.7947
4.48335,1024.93,13.7682
4.48835,1016.83,13.7137
4.49335,1008.57,13.6579
4.49835,1029.02,13.7957
4.50335,993.706,13.5569
4.50835,984.033,13.4907
4.51335,996.278,13.5744
4.51835,1003.25,13.6218
4.52335,976.492,13.4389
4.52835,989.807,13.5302
4.53335,1008.46,13.6572
4.53835,990.876,13.5375
4.54335,983.577,13.4876
4.54835,985.764,13.5026
4.55335,993.957,13.5586
4.55835,990.35,13.534
4.56335,983.537,13.4873
4.56835,961.466,13.3351
4.57335,966.068,13.367
4.57835,988.546,13.5216
4.58335,973.636,13.4193
4.58835,964.808,13.3583
4.59335,978.454,13.4524
4.59835,943.098,13.2071
4.60335,962.335,13.3412
4.60835,938.043,13.1717
4.61335,931.679,13.1269
4.61835,942.056,13.1998
4.62335,935.147,13.1513
4.62835,925.107,13.0806
4.63335,928.289,13.103
4.63835,933.38,13.1389
4.64335,921.564,13.0555
4.64835,904.782,12.9361
4.65335,884.35,12.7892
4.65835,880.378,12.7604
4.66335,844.241,12.4958
4.66835,837.195,12.4435
4.67335,827.28,12.3696
4.67835,855.262,12.5771
4.68335,865.121,12.6494
4.68835,881.45,12.7682
4.69335,877.328,12.7383
4.69835,886.312,12.8034
4.70335,886.164,12.8023
4.70835,899.28,12.8967
4.71335,876.811,12.7345
4.71835,893.338,12.854
4.72335,872.328,12.7019
4.72835,873.047,12.7072
4.73335,891.726,12.8424
4.73835,887.458,12.8116
4.74335,865.652,12.6532
4.74835,862.883,12.633
4.75335,865.067,12.649
4.75835,864.689,12.6462
4.76335,856.24,12.5843
4.76835,853.535,12.5644
4.77335,863.066,12.6343
4.77835,859.96,12.6116
4.78335,856.753,12.588
4.78835,851.975,12.5529
4.79335,858.528,12.6011
4.79835,853.169,12.5617
4.80335,864.827,12.6472
4.80835,844.612,12.4985
4.81335,829.593,12.3869
4.81835,831.509,12.4012
4.82335,815.074,12.278
4.82835,832.431,12.4081
4.83335,807.734,12.2226
4.83835,810.655,12.2447
4.84335,829.172,12.3838
4.84835,816.454,12.2884
4.85335,816.837,12.2913
4.85835,833.59,12.4167
4.86335,820.715,12.3205
4.86835,809.785,12.2381
4.87335,796.813,12.1397
4.87835,821.561,12.3268
4.88335,792.926,12.1101
4.88835,776.668,11.9853
4.89335,785.407,12.0525
4.89835,803.99,12.1943
4.90335,798.695,12.154
4.90835,803.298,12.189
4.91335,803.277,12.1889
4.91835,798.437,12.1521
4.92335,786.741,12.0627
4.92835,772.378,11.9521
4.93335,773.479,11.9606
4.93835,779.191,12.0047
4.94335,762.484,11.8753
4.94835,766.947,11.91
4.95335,762.3,11.8739
4.95835,755.988,11.8246
4.96335,750.598,11.7824
4.96835,755.628,11.8218
4.97335,746.026,11.7465
4.97835,742.521,11.7188
4.98335,745.861,11.7452
4.98835,744.714,11.7361
4.99335,730.803,11.626
4.99835,735.667,11.6646
5.00335,732.671,11.6409
5.00835,743.849,11.7293
5.01335,734.321,11.654
5.01835,722.312,11.5583
5.02335,718.765,11.5299
5.02835,722.951,11.5634
5.03335,724.869,11.5787
5.03835,738.57,11.6876
5.04335,701.646,11.3917
5.04835,712.019,11.4756
5.05335,712.312,11.478
5.05835,710.936,11.4669
5.06335,693.024,11.3215
5.06835,698.016,11.3622
5.07335,707.95,11.4428
5.07835,702.593,11.3994
5.08335,688.384,11.2835
5.08835,682.463,11.2349
5.09335,696.271,11.348
5.09835,675.433,11.1769
5.10335,666.518,11.1029
5.10835,667.603,11.1119
5.11335,657.465,11.0272
5.11835,645.018,10.9224
5.12335,631.197,10.8047
5.12835,657.194,11.025
5.13335,646.572,10.9355
5.13835,653.786,10.9963
5.14335,658.99,11.04
5.14835,628.949,10.7854
5.15335,653.947,10.9977
5.15835,645.077,10.9229
5.16335,648.466,10.9515
5.16835,659.018,11.0403
5.17335,654.453,11.0019
5.17835,646.642,10.9361
5.18335,622.441,10.7295
5.18835,646.007,10.9307
5.19335,629.816,10.7929
5.19835,634.421,10.8323
5.20335,635.972,10.8455
5.20835,630.715,10.8006
5.21335,618.881,10.6988
5.21835,626.906,10.7679
5.22335,634.227,10.8306
5.22835,628.692,10.7832
5.23335,628.083,10.778
5.23835,626.976,10.7685
5.24335,631.056,10.8035
5.24835,614.844,10.6638
5.25335,617.918,10.6904
5.25835,598.191,10.5184
5.26335,616.063,10.6744
5.26835,627.069,10.7693
5.27335,596.528,10.5038
5.27835,590.941,10.4545
5.28335,600.374,10.5376
5.28835,594.153,10.4829
5.29335,610.7,10.6278
5.29835,609.309,10.6157
5.30335,602.977,10.5604
5.30835,606.92,10.5949
5.31335,589.654,10.4431
5.31835,584.894,10.4009
5.32335,583.353,10.3871
5.32835,574.216,10.3055
5.33335,592.055,10.4643
5.33835,592.228,10.4659
5.34335,589.731,10.4438
5.34835,582.458,10.3792
5.35335,574.121,10.3046
5.35835,576.048,10.3219
5.36335,569.664,10.2645
5.36835,566.158,10.2329
5.37335,560.674,10.1832
5.37835,568.196,10.2513
5.38335,570.976,10.2764
5.38835,542.754,10.0192
5.39335,551.282,10.0976
5.39835,546.208,10.051
5.40335,545.602,10.0454
5.40835,533.872,9.93685
5.41335,538.889,9.98344
5.41835,558.724,10.1655
5.42335,552.58,10.1095
5.42835,540.921,10.0022
5.43335,538.19,9.97696
5.43835,535.541,9.95237
5.44335,539.156,9.98591
5.44835,533.735,9.93558
5.45335,530.641,9.90674
5.45835,522.657,9.83193
5.46335,532.622,9.92521
5.46835,535.157,9.94881
5.47335,522.541,9.83084
5.47835,529.906,9.89988
5.48335,533.863,9.93677
5.48835,526.667,9.86958
5.49335,517.54,9.78369
5.49835,512.762,9.73842
5.50335,511.419,9.72566
5.50835,504.945,9.6639
5.51335,508.166,9.69467
5.51835,523.106,9.83615
5.52335,525.207,9.85589
5.52835,495.597,9.57403
5.53335,491.807,9.53735
5.53835,509.747,9.70975
5.54335,500.44,9.62069
5.54835,483.607,9.45751
5.55335,484.207,9.46338
5.55835,491.262,9.53207
5.56335,513.141,9.74201
5.56835,502.227,9.63785
5.57335,499.354,9.61025
5.57835,474.941,9.37239
5.58335,471.978,9.34311
5.58835,466.408,9.28781
5.59335,479.604,9.41829
5.59835,491.87,9.53797
5.60335,470.981,9.33323
5.60835,478.821,9.41059
5.61335,480.243,9.42455
5.61835,476.536,9.38811
5.62335,484.458,9.46582
5.62835,479.74,9.41962
5.63335,464.021,9.26402
5.63835,469.688,9.32041
5.64335,465.844,9.28219
5.64835,472.221,9.34551
5.65335,453.324,9.15661
5.65835,458.431,9.20804
5.66335,447.83,9.10096
5.66835,449.9,9.12196
5.67335,460.429,9.22809
5.67835,445.819,9.0805
5.68335,450.322,9.12624
5.68835,450.297,9.12598
5.69335,457.054,9.19421
5.69835,430.26,8.92063
5.70335,442.978,9.05151
5.70835,434.363,8.96307
5.71335,442.13,9.04285
5.71835,441.669,9.03814
5.72335,438.222,9.00279
5.72835,446.371,9.08612
5.73335,447.569,9.09831
5.73835,419.916,8.81275
5.74335,437.806,8.99853
5.74835,437.8,8.99847
5.75335,428.955,8.9071
5.75835,429.241,8.91007
5.76335,421.079,8.82495
5.76835,430.931,8.92759
5.77335,426.607,8.88269
5.77835,418.352,8.79632
5.78335,432.482,8.94364
5.78835,427.213,8.88899
5.79335,412.215,8.73157
5.79835,406.258,8.66824
5.80335,411.594,8.72499
5.80835,410.696,8.71547
5.81335,417.235,8.78458
5.81835,410.465,8.71302
5.82335,395.116,8.54856
5.82835,406.56,8.67147
5.83335,405.394,8.65903
5.83835,409.393,8.70163
5.84335,405.149,8.65641
5.84835,395.99,8.55801
5.85335,403.549,8.6393
5.85835,399.818,8.59927
5.86335,389.218,8.48451
5.86835,398.022,8.57993
5.87335,392.82,8.52368
5.87835,385.3,8.4417
5.88335,382.816,8.41444
5.88835,397.549,8.57484
5.89335,386.74,8.45746
5.89835,385.627,8.44529
5.90335,380.57,8.38972
5.90835,370.435,8.27726
5.91335,386.591,8.45583
5.91835,387.259,8.46313
5.92335,379.243,8.37509
5.92835,374.783,8.32569
5.93335,379.849,8.38178
5.93835,376.437,8.34404
5.94335,381.348,8.3983
5.94835,371.883,8.29341
5.95335,368.612,8.25686
5.95835,367.796,8.24772
5.96335,368.026,8.25029
5.96835,370.343,8.27623
5.97335,374.573,8.32336
5.97835,365.66,8.22373
5.98335,358.239,8.13985
5.98835,355.349,8.10695
5.99335,366.182,8.2296
5.99835,364.725,8.21321
6.00335,349.064,8.03494
6.00835,358.98,8.14827
6.01335,357.48,8.13123
6.01835,351.548,8.06348
6.02335,350.297,8.04913
6.02835,343.507,7.97073
6.03335,343.831,7.97449
6.03835,344.97,7.98769
6.04335,346.951,8.01059
6.04835,360.957,8.17068
6.05335,355.046,8.1035
6.05835,344.937,7.9873
6.06335,333.783,7.8571
6.06835,334.428,7.86469
6.07335,343.298,7.96831
6.07835,336.906,7.89378
6.08335,338.127,7.90806
6.08835,347.931,8.02189
6.09335,333.157,7.84974
6.09835,332.847,7.84608
6.10335,334.155,7.86149
6.10835,331.944,7.83543
6.11335,320.539,7.69965
6.11835,326.285,7.76835
6.12335,315.197,7.63522
6.12835,336.65,7.89078
6.13335,332.111,7.83741
6.13835,315.295,7.63641
6.14335,317.951,7.6685
6.14835,315.838,7.64298
6.15335,310.518,7.57833
6.15835,321.241,7.70807
6.16335,320.492,7.69908
6.16835,322.491,7.72306
6.17335,311.771,7.59361
6.17835,303.101,7.48728
6.18335,312.913,7.60751
6.18835,303.811,7.49604
6.19335,314.244,7.62366
6.19835,308.825,7.55765
6.20335,304.807,7.50832
6.20835,313.232,7.61139
6.21335,313.394,7.61335
6.21835,311.302,7.5879
6.22335,302.089,7.47478
6.22835,299.876,7.44734
6.23335,308.475,7.55337
6.23835,312.571,7.60334
6.24335,300.084,7.44992
6.24835,292.286,7.35248
6.25335,296.122,7.40058
6.25835,289.681,7.31965
6.26335,286.037,7.27347
6.26835,295.042,7.38708
6.27335,292.064,7.3497
6.27835,282.365,7.22663
6.28335,295.78,7.39631
6.28835,283.254,7.23799
6.29335,279.244,7.18658
6.29835,293.699,7.37024
6.30335,290.371,7.32836
6.30835,281.883,7.22046
6.31335,285.749,7.26981
6.31835,285.819,7.27069
6.32335,282.725,7.23124
6.32835,281.152,7.21109
6.33335,280.904,7.20791
6.33835,279.582,7.19093
6.34335,279.653,7.19184
6.34835,268.671,7.04921
6.35335,288.669,7.30685
6.35835,273.556,7.11301
6.36335,282.919,7.23372
6.36835,275.417,7.13716
6.37335,269.059,7.0543
6.37835,280.364,7.20098
6.38335,272.8,7.10317
6.38835,269.85,7.06467
6.39335,268.32,7.04461
6.39835,260.799,6.94517
6.40335,264.274,6.99129
6.40835,266.891,7.02583
6.41335,255.161,6.8697
6.41835,264.705,6.99699
6.42335,260.292,6.93843
6.42835,254.089,6.85525
6.43335,262.003,6.9612
6.43835,254.324,6.85842
6.44335,259.647,6.92983
6.44835,260.193,6.9371
6.45335,260.75,6.94452
6.45835,257.823,6.90543
6.46335,252.399,6.83241
6.46835,252.145,6.82898
6.47335,254.48,6.86052
6.47835,255.582,6.87536
6.48335,249.284,6.79012
6.48835,252.48,6.83352
6.49335,246.568,6.75303
6.49835,246.485,6.7519
6.50335,242.74,6.70041
6.50835,251.394,6.81879
6.51335,238.601,6.64304
6.51835,247.178,6.76137
6.52335,237.91,6.6334
6.52835,248.782,6.78328
6.53335,247.389,6.76427
6.53835,240.83,6.67399
6.54335,243.408,6.70962
6.54835,240.072,6.66349
6.55335,232.096,6.55185
6.55835,237.737,6.631
6.56335,236.08,6.60784
6.56835,228.845,6.5058
6.57335,239.224,6.6517
6.57835,226.293,6.46943
6.58335,227.767,6.49047
6.58835,229.925,6.52113
6.59335,233.618,6.57329
6.59835,230.678,6.53181
6.60335,235.045,6.59335
6.60835,221.971,6.40735
6.61335,218.926,6.36325
6.61835,225.327,6.4556
6.62335,226.476,6.47205
6.62835,220.662,6.38843
6.63335,219.101,6.3658
6.63835,233.95,6.57797
6.64335,232.985,6.56438
6.64835,222.057,6.40859
6.65335,220.408,6.38475
6.65835,225.545,6.45872
6.66335,224.617,6.44542
6.66835,229.606,6.51661
6.67335,214.325,6.29603
6.67835,215.627,6.31513
6.68335,217.626,6.34433
6.68835,216.049,6.3213
6.69335,217.418,6.3413
6.69835,217.196,6.33806
6.70335,211.147,6.24918
6.70835,213.749,6.28756
6.71335,210.155,6.23448
6.71835,209.022,6.21765
6.72335,216.949,6.33445
6.72835,198.91,6.06539
6.73335,205.285,6.16182
6.73835,206.805,6.18459
6.74335,209.622,6.22657
6.74835,201.742,6.10842
6.75335,197.898,6.04995
6.75835,200.543,6.09023
6.76335,196.24,6.02454
6.76835,196.802,6.03316
6.77335,208.131,6.20438
6.77835,202.249,6.11608
6.78335,210.536,6.24013
6.78835,210.228,6.23556
6.79335,203.923,6.14135
6.79835,200.473,6.08917
6.80335,199.111,6.06845
6.80835,197.091,6.0376
6.81335,196.131,6.02287
6.81835,197.455,6.04317
6.82335,199.745,6.07811
6.82835,199.353,6.07215
6.83335,196.991,6.03605
6.83835,191.195,5.9466
6.84335,188.974,5.91196
6.84835,196.777,6.03278
6.85335,197.72,6.04721
6.85835,203.57,6.13603
6.86335,189.814,5.92508
6.86835,186.011,5.86543
6.87335,189.48,5.91987
6.87835,182.377,5.80785
6.88335,190.929,5.94245
6.88835,173.8,5.66963
6.89335,183.943,5.83273
6.89835,179.862,5.76766
6.90335,178.704,5.74906
6.90835,183.393,5.82401
6.91335,184.563,5.84256
6.91835,184.517,5.84183
6.92335,186.211,5.86858
6.92835,189.092,5.91381
6.93335,181.104,5.78755
6.93835,176.289,5.71008
6.94335,174.754,5.68517
6.94835,173.875,5.67087
6.95335,181.369,5.79177
6.95835,182.857,5.81549
6.96335,177.33,5.72693
6.96835,175.041,5.68984
6.97335,178.419,5.74449
6.97835,172.009,5.64035
6.98335,169.674,5.60193
6.98835,171.609,5.63379
6.99335,175.214,5.69265
6.99835,174.871,5.68707
7.00335,167.252,5.56181
7.00835,168.104,5.57596
7.01335,176.489,5.71333
7.01835,175.375,5.69527
7.02335,168.604,5.58424
7.02835,166.424,5.54803
7.03335,174.056,5.67381
7.03835,165.36,5.53026
7.04335,165.451,5.53178
7.04835,165.113,5.52613
7.05335,162.49,5.48205
7.05835,169.644,5.60144
7.06335,169.96,5.60665
7.06835,171.576,5.63324
7.07335,166.205,5.54438
7.07835,157.805,5.40245
7.08335,160.543,5.44911
7.08835,158.728,5.41822
7.09335,166.709,5.55278
7.09835,165.131,5.52643
7.10335,158.136,5.40811
7.10835,165,5.52424
7.11335,157.52,5.39756
7.11835,157.427,5.39597
7.12335,156.115,5.37344
7.12835,159.371,5.42919
7.13335,159.842,5.43721
7.13835,161.267,5.46138
7.14335,161.993,5.47367
7.14835,159.377,5.4293
7.15335,153.871,5.33468
7.15835,152.311,5.30758
7.16335,153.466,5.32766
7.16835,150.661,5.27874
7.17335,151.379,5.29131
7.17835,147.319,5.21988
7.18335,157.718,5.40097
7.18835,150.906,5.28304
7.19335,148.811,5.24624
7.19835,149.094,5.25122
7.20335,147.932,5.23072
7.20835,153.4,5.32652
7.21335,158.355,5.41185
7.21835,152.161,5.30497
7.22335,155.3,5.3594
7.22835,150.66,5.27873
7.23335,147.836,5.22902
7.23835,147.213,5.21799
7.24335,140.684,5.10098
7.24835,138.363,5.05871
7.25335,144.531,5.17024
7.25835,138.509,5.06139
7.26335,144.525,5.17013
7.26835,143.409,5.15013
7.27335,142.543,5.13456
7.27835,133.292,4.96516
7.28335,138.232,5.05633
7.28835,146.695,5.2088
7.29335,140.604,5.09951
7.29835,138.152,5.05485
7.30335,136.448,5.02358
7.30835,142.804,5.13926
7.31335,142.218,5.1287
7.31835,140.053,5.08952
7.32335,139.027,5.07083
7.32835,138.287,5.05734
7.33335,134.344,4.9847
7.33835,130.084,4.90504
7.34335,134.932,4.99559
7.34835,126.504,4.83708
7.35335,132.866,4.95722
7.35835,123.417,4.77769
7.36335,135.413,5.00451
7.36835,126.855,4.84378
7.37335,133.464,4.96836
7.37835,133.761,4.97388
7.38335,129.783,4.89937
7.38835,133.602,4.97092
7.39335,135.126,4.9992
7.39835,132.223,4.94519
7.40335,123.123,4.77199
7.40835,126.898,4.84461
7.41335,129.646,4.89677
7.41835,124.752,4.80345
7.42335,130.513,4.91313
7.42835,126.439,4.83582
7.43335,117.009,4.65201
7.43835,114.585,4.60356
7.44335,122.268,4.75541
7.44835,123.769,4.7845
7.45335,130.984,4.92197
7.45835,123.845,4.78597
7.46335,122.001,4.7502
7.46835,126.353,4.83418
7.47335,129.552,4.89499
7.47835,130.524,4.91333
7.48335,121.825,4.74677
7.48835,128.475,4.8746
7.49335,120.885,4.72843
7.49835,123.944,4.78788
7.50335,120.633,4.72349
7.50835,122.676,4.76332
7.51335,117.09,4.65361
7.51835,121.19,4.73439
7.52335,119.182,4.695
7.52835,116.256,4.63702
7.53335,124.694,4.80234
7.53835,121.861,4.74747
7.54335,115.754,4.62699
7.54835,118.273,4.67706
7.55335,115.498,4.62186
7.55835,120.466,4.72022
7.56335,110.309,4.51686
7.56835,114.223,4.59628
7.57335,118.995,4.69132
7.57835,111.046,4.53191
7.58335,110.547,4.52172
7.58835,107.843,4.46609
7.59335,117.057,4.65295
7.59835,116.805,4.64794
7.60335,104.934,4.40543
7.60835,106.191,4.43175
7.61335,110.245,4.51553
7.61835,114.098,4.59377
7.62335,111.89,4.54911
7.62835,117.218,4.65615
7.63335,118.868,4.68881
7.63835,112.63,4.56413
7.64335,114.717,4.60621
7.64835,117.88,4.66928
7.65335,118.394,4.67946
7.65835,114.698,4.60583
7.66335,110.262,4.51589
7.66835,108.601,4.48174
7.67335,108.662,4.48301
7.67835,104.528,4.39691
7.68335,106.927,4.44707
7.68835,104.25,4.39106
7.69335,106.938,4.44729
7.69835,114.353,4.5989
7.70335,103.74,4.3803
7.70835,100.771,4.31716
7.71335,99.8632,4.29767
7.71835,96.9557,4.23465
7.72335,104.862,4.40392
7.72835,107.195,4.45265
7.73335,97.1983,4.23994
7.73835,99.145,4.28219
7.74335,103.272,4.37041
7.74835,99.4043,4.28778
7.75335,111.29,4.5369
7.75835,105.325,4.41363
7.76335,102.329,4.3504
7.76835,104.626,4.39897
7.77335,97.9865,4.2571
7.77835,97.8568,4.25428
7.78335,107.657,4.46223
7.78835,105.166,4.41031
7.79335,103.224,4.36939
7.79835,95.8974,4.21147
7.80335,91.1978,4.10698
7.80835,92.4875,4.13592
7.81335,100.518,4.31173
7.81835,100.421,4.30965
7.82335,95.2931,4.19818
7.82835,94.0367,4.17041
7.83335,94.9924,4.19155
7.83835,97.6077,4.24886
7.84335,100.492,4.31118
7.84835,91.54,4.11468
7.85335,94.6666,4.18436
7.85835,93.5909,4.16052
7.86335,88.7846,4.05228
7.86835,94.3602,4.17758
7.87335,90.0385,4.08079
7.87835,87.2408,4.01689
7.88335,94.7696,4.18663
7.88835,85.4401,3.97522
7.89335,95.6236,4.20545
7.89835,93.7227,4.16345
7.90335,95.0744,4.19336
7.90835,90.7002,4.09576
7.91335,92.1858,4.12917
7.91835,91.8313,4.12122
7.92335,88.7835,4.05225
7.92835,86.7508,4.0056
7.93335,84.294,3.94847
7.93835,87.0065,4.01149
7.94335,88.8168,4.05301
7.94835,86.8648,4.00823
7.95335,85.1546,3.96857
7.95835,85.1985,3.9696
7.96335,89.3917,4.06611
7.96835,93.0436,4.14833
7.97335,91.7135,4.11857
7.97835,87.2435,4.01696
7.98335,91.8999,4.12276
7.98835,85.8715,3.98524
7.99335,81.9123,3.89229
7.99835,88.2245,4.03948
8.00335,86.6838,4.00405
8.00835,93.1212,4.15006
8.01335,90.8839,4.09991
8.01835,83.3335,3.92591
8.02335,84.3961,3.95086
8.02835,80.7441,3.86443
8.03335,86.9059,4.00918
8.03835,80.6806,3.86291
8.04335,78.9974,3.82241
8.04835,81.1728,3.87468
8.05335,82.9105,3.91593
8.05835,80.3041,3.85389
8.06335,78.7349,3.81605
8.06835,80.1119,3.84927
8.07335,81.5834,3.88446
8.07835,83.8571,3.93822
8.08335,81.9301,3.89271
8.08835,85.3241,3.97252
8.09335,84.1933,3.94611
8.09835,79.845,3.84286
8.10335,80.9478,3.86931
8.10835,80.5264,3.85922
8.11335,77.3733,3.78291
8.11835,78.343,3.80654
8.12335,81.6822,3.88682
8.12835,85.2685,3.97123
8.13335,81.9931,3.89421
8.13835,81.8253,3.89022
8.14335,80.7296,3.86409
8.14835,80.5147,3.85894
8.15335,77.9435,3.79682
8.15835,78.1031,3.80071
8.16335,78.0731,3.79998
8.16835,79.0889,3.82462
8.17335,77.344,3.78219
8.17835,81.2009,3.87535
8.18335,80.0594,3.84801
8.18835,74.9084,3.72216
8.19335,79.4613,3.83361
8.19835,73.5523,3.68832
8.20335,74.8648,3.72108
8.20835,74.8886,3.72167
8.21335,72.5422,3.66291
8.21835,76.5842,3.76357
8.22335,71.0683,3.6255
8.22835,77.606,3.78859
8.23335,74.22,3.70502
8.23835,72.3892,3.65904
8.24335,72.7196,3.66738
8.24835,74.5255,3.71264
8.25335,70.3155,3.60625
8.25835,73.6773,3.69145
8.26335,71.6954,3.64146
8.26835,70.4278,3.60913
8.27335,71.466,3.63563
8.27835,68.3805,3.55628
8.28335,68.2153,3.55199
8.28835,68.6413,3.56306
8.29335,73.4316,3.68529
8.29835,66.0375,3.49483
8.30335,61.8479,3.38215
8.30835,63.9901,3.44023
8.31335,69.3858,3.58233
8.31835,63.8607,3.43675
8.32335,60.7381,3.35167
8.32835,63.7418,3.43354
8.33335,64.1521,3.44458
8.33835,66.8225,3.51554
8.34335,68.4588,3.55832
8.34835,67.6081,3.53614
8.35335,64.7523,3.46065
8.35835,70.368,3.6076
8.36335,64.2215,3.44644
8.36835,72.7543,3.66826
8.37335,69.9299,3.59635
8.37835,67.614,3.5363
8.38335,65.2426,3.47373
8.38835,68.455,3.55822
8.39335,64.6864,3.45889
8.39835,63.342,3.42276
8.40335,63.2076,3.41913
8.40835,71.5462,3.63767
8.41335,62.5692,3.40181
8.41835,66.1473,3.49773
8.42335,60.8762,3.35548
8.42835,65.22,3.47313
8.43335,66.774,3.51426
8.43835,63.1451,3.41743
8.44335,63.3307,3.42245
8.44835,62.0883,3.38872
8.45335,58.6801,3.2944
8.45835,66.7471,3.51355
8.46335,61.5384,3.37368
8.46835,54.6776,3.18006
8.47335,63.4601,3.42595
8.47835,63.2031,3.419
8.48335,62.7664,3.40717
8.48835,67.1754,3.52481
8.49335,57.4744,3.26038
8.49835,55.4852,3.20346
8.50335,61.6024,3.37543
8.50835,64.1473,3.44445
8.51335,60.8245,3.35405
8.51835,67.1079,3.52304
8.52335,58.4342,3.28749
8.52835,55.5683,3.20585
8.53335,52.6926,3.1218
8.53835,53.1603,3.13562
8.54335,57.9779,3.27463
8.54835,57.7762,3.26892
8.55335,66.5219,3.50762
8.55835,62.5002,3.39994
8.56335,52.2089,3.10744
8.56835,58.7681,3.29686
8.57335,57.4251,3.25898
8.57835,58.3479,3.28506
8.58335,61.8232,3.38148
8.58835,59.7956,3.32556
8.59335,58.6363,3.29317
8.59835,59.3838,3.31409
8.60335,56.8007,3.24121
8.60835,55.5695,3.20589
8.61335,59.1704,3.30813
8.61835,54.9395,3.18767
8.62335,55.1099,3.1926
8.62835,59.0808,3.30563
8.63335,56.1427,3.22238
8.63835,57.9144,3.27283
8.64335,59.0399,3.30448
8.64835,60.8921,3.35591
8.65335,52.8964,3.12783
8.65835,56.1367,3.22221
8.66335,53.6849,3.15106
8.66835,56.9768,3.24623
8.67335,55.009,3.18968
8.67835,51.2223,3.07794
8.68335,53.9981,3.16024
8.68835,55.0526,3.19095
8.69335,53.7413,3.15271
8.69835,51.8634,3.09714
8.70335,55.1685,3.1943
8.70835,48.7082,3.00145
8.71335,54.233,3.1671
8.71835,51.5362,3.08735
8.72335,49.7606,3.0337
8.72835,51.49,3.08597
8.73335,55.7504,3.2111
8.73835,51.4569,3.08498
8.74335,53.8788,3.15674
8.74835,50.2539,3.0487
8.75335,50.5603,3.05798
8.75835,53.0058,3.13107
8.76335,50.5839,3.0587
8.76835,52.904,3.12806
8.77335,51.0651,3.07321
8.77835,54.5179,3.17541
8.78335,48.1459,2.98408
8.78835,50.2448,3.04843
8.79335,50.7391,3.06339
8.79835,48.8832,3.00684
8.80335,49.8232,3.03561
8.80835,49.9187,3.03852
8.81335,51.8449,3.09659
8.81835,51.4532,3.08487
8.82335,51.6349,3.09031
8.82835,51.0837,3.07377
8.83335,52.4063,3.11331
8.83835,49.2646,3.01855
8.84335,51.8656,3.0972
8.84835,50.4996,3.05615
8.85335,48.6867,3.00079
8.85835,52.6639,3.12095
8.86335,48.3256,2.98964
8.86835,47.4745,2.9632
8.87335,49.3826,3.02216
8.87835,47.6339,2.96817
8.88335,44.7906,2.87822
8.88835,43.925,2.85027
8.89335,45.3236,2.89529
8.89835,45.2807,2.89392
8.90335,50.0087,3.04126
8.90835,46.313,2.92672
8.91335,44.8357,2.87967
8.91835,41.7189,2.77777
8.92335,44.6586,2.87397
8.92835,44.7706,2.87758
8.93335,48.2977,2.98878
8.93835,46.9115,2.94557
8.94335,41.8562,2.78234
8.94835,43.1575,2.82526
8.95335,46.2664,2.92525
8.95835,44.1367,2.85713
8.96335,44.931,2.88273
8.96835,42.4448,2.80184
8.97335,43.3481,2.83149
8.97835,40.0304,2.72098
8.98335,44.7297,2.87626
8.98835,42.5369,2.80487
8.99335,47.0919,2.95123
8.99835,47.8384,2.97453
9.00335,44.8797,2.88108
9.00835,45.1048,2.8883
9.01335,39.084,2.68862
9.01835,42.0782,2.78971
9.02335,44.2414,2.86052
9.02835,42.5587,2.80559
9.03335,41.8422,2.78187
9.03835,40.9865,2.75328
9.04335,42.1004,2.79044
9.04835,40.8102,2.74736
9.05335,41.3601,2.7658
9.05835,41.7902,2.78015
9.06335,44.4133,2.86607
9.06835,41.4811,2.76985
9.07335,42.3476,2.79862
9.07835,39.7256,2.7106
9.08335,38.1508,2.65633
9.08835,36.0846,2.5834
9.09335,42.0918,2.79016
9.09835,44.6442,2.87351
9.10335,46.2338,2.92422
9.10835,41.5852,2.77332
9.11335,36.4359,2.59594
9.11835,40.2115,2.72713
9.12335,40.8815,2.74975
9.12835,42.6749,2.80942
9.13335,41.8234,2.78125
9.13835,41.8154,2.78099
9.14335,36.5206,2.59896
9.14835,39.235,2.69381
9.15335,40.1088,2.72364
9.15835,39.1672,2.69148
9.16335,41.9976,2.78704
9.16835,36.4078,2.59494
9.17335,38.1246,2.65542
9.17835,40.7746,2.74616
9.18335,41.9385,2.78507
9.18835,43.7485,2.84454
9.19335,40.0223,2.7207
9.19835,41.1292,2.75807
9.20335,33.7437,2.4982
9.20835,33.4763,2.48828
9.21335,39.5416,2.70432
9.21835,46.9336,2.94627
9.22335,40.59,2.73993
9.22835,39.5421,2.70433
9.23335,36.6725,2.60436
9.23835,39.7078,2.71
9.24335,40.8951,2.75021
9.24835,38.4974,2.66837
9.25335,40.9501,2.75206
9.25835,37.4894,2.6332
9.26335,36.7588,2.60742
9.26835,35.9635,2.57906
9.27335,35.6581,2.56809
9.27835,37.6589,2.63915
9.28335,39.3652,2.69828
9.28835,36.7825,2.60826
9.29335,33.7901,2.49991
9.29835,34.7854,2.53647
9.30335,37.7316,2.6417
9.30835,36.4906,2.59789
9.31335,36.4733,2.59727
9.31835,37.0092,2.61629
9.32335,39.1052,2.68935
9.32835,35.8689,2.57566
9.33335,34.2581,2.51717
9.33835,37.455,2.632
9.34335,34.9817,2.54361
9.34835,38.4693,2.6674
9.35335,43.018,2.82069
9.35835,38.1496,2.65629
9.36335,38.7977,2.67876
9.36835,36.3924,2.59439
9.37335,37.3596,2.62864
9.37835,35.1599,2.55008
9.38335,33.2548,2.48003
9.38835,31.8442,2.42687
9.39335,31.8076,2.42547
9.39835,31.759,2.42361
9.40335,37.2069,2.62326
9.40835,35.5637,2.56468
9.41335,31.5267,2.41474
9.41835,36.78,2.60817
9.42335,36.4671,2.59705
9.42835,36.791,2.60856
9.43335,31.4407,2.41144
9.43835,34.6113,2.53011
9.44335,32.0373,2.43421
9.44835,34.9853,2.54374
9.45335,33.9863,2.50716
9.45835,32.5893,2.45509
9.46335,27.771,2.26634
9.46835,30.4371,2.37264
9.47335,31.807,2.42545
9.47835,31.8858,2.42845
9.48335,36.36,2.59324
9.48835,31.8896,2.42859
9.49335,33.6561,2.49495
9.49835,26.8378,2.22794
9.50335,31.7254,2.42233
9.50835,31.0109,2.3949
9.51335,30.868,2.38938
9.51835,32.0541,2.43485
9.52335,29.732,2.345
9.52835,30.2276,2.36446
9.53335,31.8574,2.42737
9.53835,32.6808,2.45854
9.54335,28.9625,2.31445
9.54835,32.7559,2.46136
9.55335,31.6653,2.42004
9.55835,31.0603,2.39681
9.56335,34.772,2.53598
9.56835,36.0218,2.58115
9.57335,32.6256,2.45646
9.57835,32.886,2.46624
9.58335,31.2869,2.40553
9.58835,31.5756,2.41661
9.59335,33.801,2.50032
9.59835,28.8266,2.30902
9.60335,29.9973,2.35544
9.60835,30.5713,2.37787
9.61335,28.4995,2.29588
9.61835,31.5645,2.41618
9.62335,28.3899,2.29146
9.62835,26.3595,2.208
9.63335,27.722,2.26434
9.63835,27.4458,2.25304
9.64335,28.9171,2.31264
9.64835,27.7454,2.2653
9.65335,28.425,2.29288
9.65835,29.1154,2.32056
9.66335,32.3088,2.4445
9.66835,30.7089,2.38321
9.67335,31.8553,2.42729
9.67835,29.1817,2.3232
9.68335,25.3162,2.16386
9.68835,25.2634,2.1616
9.69335,26.5403,2.21556
9.69835,27.4902,2.25486
9.70335,28.6009,2.29996
9.70835,29.4624,2.33434
9.71335,28.8296,2.30914
9.71835,29.1661,2.32257
9.72335,27.6117,2.25983
9.72835,29.4318,2.33313
9.73335,27.5918,2.25902
9.73835,27.6497,2.26139
9.74335,23.1172,2.06775
9.74835,29.1334,2.32127
9.75335,25.5783,2.17504
9.75835,28.3769,2.29094
9.76335,32.3626,2.44654
9.76835,27.5347,2.25668
9.77335,31.7874,2.4247
9.77835,27.749,2.26545
9.78335,26.4327,2.21106
9.78835,26.8255,2.22743
9.79335,26.2764,2.20452
9.79835,24.4178,2.12512
9.80335,24.8253,2.14278
9.80835,26.0997,2.19709
9.81335,22.3427,2.03282
9.81835,23.6681,2.09224
9.82335,26.2377,2.20289
9.82835,29.451,2.33389
9.83335,24.8076,2.14202
9.83835,23.9794,2.10596
9.84335,27.2759,2.24605
9.84835,24.112,2.11177
9.85335,23.9808,2.10602
9.85835,25.1913,2.15852
9.86335,24.6716,2.13614
9.86835,26.141,2.19883
9.87335,30.6578,2.38123
9.87835,27.1448,2.24065
9.88335,26.0547,2.1952
9.88835,23.824,2.09912
9.89335,24.1484,2.11337
9.89835,25.0814,2.1538
9.90335,25.9784,2.19198
9.90835,21.4814,1.99325
9.91335,24.533,2.13013
9.91835,22.1231,2.0228
9.92335,23.6241,2.0903
9.92835,24.7098,2.13779
9.93335,24.6401,2.13477
9.93835,24.986,2.1497
9.94335,24.4621,2.12705
9.94835,26.253,2.20354
9.95335,23.8525,2.10038
9.95835,22.2588,2.029
9.96335,24.667,2.13594
9.96835,22.8383,2.05524
9.97335,22.4133,2.03603
9.97835,26.2703,2.20426
9.98335,20.8863,1.96545
9.98835,24.5406,2.13046
9.99335,25.1848,2.15824
9.99835,20.4362,1.94415
10.0033,22.8468,2.05562
10.0083,20.4287,1.94379
10.0133,24.3724,2.12314
10.0183,23.3637,2.07874
10.0233,23.5792,2.08831
10.0283,21.0368,1.97251
10.0333,21.637,2.00046
10.0383,25.9992,2.19286
10.0433,22.6174,2.04527
10.0483,24.2713,2.11874
10.0533,24.6853,2.13673
10.0583,24.4164,2.12506
10.0633,19.9629,1.92151
10.0683,21.9505,2.0149
10.0733,23.2344,2.07299
10.0783,23.4624,2.08313
10.0833,24.6105,2.13349
10.0883,23.9665,2.10539
10.0933,20.4742,1.94596
10.0983,22.6497,2.04674
10.1033,22.577,2.04345
10.1083,19.4956,1.89888
10.1133,20.5484,1.94948
10.1183,20.5896,1.95144
10.1233,22.2101,2.02678
10.1283,23.1469,2.06908
10.1333,21.3502,1.98715
10.1383,21.0529,1.97327
10.1433,21.7602,2.00614
10.1483,19.0021,1.8747
10.1533,20.4815,1.94631
10.1583,22.9807,2.06164
10.1633,25.8092,2.18483
10.1683,21.0233,1.97188
10.1733,18.4137,1.84544
10.1783,17.8635,1.81766
10.1833,18.8472,1.86704
10.1883,22.5632,2.04282
10.1933,21.8944,2.01232
10.1983,20.3194,1.93859
10.2033,18.0947,1.82939
10.2083,21.0777,1.97443
10.2133,21.341,1.98672
10.2183,19.7042,1.90902
10.2233,21.9722,2.01589
10.2283,21.2187,1.98102
10.2333,22.649,2.0467
10.2383,16.9085,1.76841
10.2433,18.5544,1.85248
10.2483,19.3553,1.89204
10.2533,21.8071,2.0083
10.2583,20.5398,1.94907
10.2633,17.1313,1.78002
10.2683,18.9435,1.87181
10.2733,22.4717,2.03868
10.2783,19.9787,1.92227
10.2833,20.9572,1.96878
10.2883,21.048,1.97304
10.2933,19.9685,1.92178
10.2983,22.2159,2.02704
10.3033,20.3031,1.93781
10.3083,19.5781,1.9029
10.3133,19.0249,1.87582
10.3183,17.8005,1.81446
10.3233,17.4376,1.79587
10.3283,20.5792,1.95094
10.3333,17.8555,1.81726
10.3383,18.751,1.86227
10.3433,20.1349,1.92977
10.3483,20.3767,1.94132
10.3533,16.3312,1.73796
10.3583,18.7038,1.85992
10.3633,17.5755,1.80295
10.3683,18.5552,1.85252
10.3733,19.2211,1.88547
10.3783,19.9881,1.92272
10.3833,18.5451,1.85202
10.3883,19.5482,1.90145
10.3933,18.7193,1.8607
10.3983,19.2225,1.88554
10.4033,18.7067,1.86007
10.4083,15.9675,1.7185
10.4133,19.0406,1.87659
10.4183,17.3946,1.79365
10.4233,18.6309,1.8563
10.4283,14.2864,1.62552
10.4333,17.8274,1.81583
10.4383,20.0872,1.92748
10.4433,20.9938,1.9705
10.4483,16.5652,1.75037
10.4533,17.6777,1.80818
10.4583,19.572,1.9026
10.4633,22.0301,2.01855
10.4683,21.5516,1.9965
10.4733,18.1145,1.83039
10.4783,18.9159,1.87044
10.4833,16.2767,1.73506
10.4883,17.7703,1.81292
10.4933,16.5332,1.74868
10.4983,15.8432,1.71179
10.5033,17.0538,1.77599
10.5083,16.2478,1.73352
10.5133,17.2813,1.7878
10.5183,16.3243,1.73759
10.5233,18.853,1.86733
10.5283,18.671,1.85829
10.5333,19.8225,1.91474
10.5383,17.6242,1.80545
10.5433,18.7133,1.8604
10.5483,16.6874,1.75681
10.5533,15.9815,1.71925
10.5583,13.4874,1.57941
10.5633,18.6714,1.85831
10.5683,17.4258,1.79526
10.5733,16.2979,1.73619
10.5783,18.872,1.86827
10.5833,16.2157,1.7318
10.5883,18.3216,1.84082
10.5933,16.1186,1.72661
10.5983,19.313,1.88997
10.6033,16.0469,1.72276
10.6083,14.7538,1.6519
10.6133,17.3439,1.79104
10.6183,17.4739,1.79774
10.6233,16.076,1.72433
10.6283,16.1605,1.72885
10.6333,16.4861,1.74618
10.6383,16.474,1.74554
10.6433,13.9738,1.60763
10.6483,15.835,1.71135
10.6533,19.5392,1.90101
10.6583,15.8021,1.70957
10.6633,14.9601,1.6634
10.6683,14.7451,1.65141
10.6733,15.2719,1.68065
10.6783,15.8628,1.71286
10.6833,17.6133,1.80489
10.6883,13.1976,1.56235
10.6933,15.1329,1.67298
10.6983,12.6585,1.5301
10.7033,16.6867,1.75677
10.7083,16.1901,1.73044
10.7133,13.539,1.58243
10.7183,14.7407,1.65116
10.7233,13.9365,1.60549
10.7283,16.1189,1.72663
10.7333,17.3795,1.79287
10.7383,16.0553,1.72322
10.7433,15.8151,1.71028
10.7483,15.2855,1.6814
10.7533,16.038,1.72229
10.7583,14.9826,1.66465
10.7633,14.9724,1.66409
10.7683,14.9393,1.66225
10.7733,15.1734,1.67522
10.7783,14.1345,1.61685
10.7833,14.0878,1.61418
10.7883,15.4918,1.6927
10.7933,13.6151,1.58687
10.7983,13.9272,1.60495
10.8033,13.4828,1.57914
10.8083,16.7167,1.75835
10.8133,16.8172,1.76363
10.8183,15.537,1.69517
10.8233,16.49,1.74639
10.8283,16.4971,1.74677
10.8333,15.874,1.71346
10.8383,12.6717,1.5309
10.8433,13.9755,1.60773
10.8483,13.7505,1.59474
10.8533,13.7993,1.59757
10.8583,13.7871,1.59686
10.8633,13.4524,1.57736
10.8683,15.2768,1.68092
10.8733,17.016,1.77402
10.8783,15.5576,1.6963
10.8833,14.0394,1.6114
10.8883,14.993,1.66523
10.8933,15.0857,1.67037
10.8983,13.2839,1.56745
10.9033,17.2213,1.78469
10.9083,13.8412,1.59999
10.9133,11.6288,1.46656
10.9183,12.8881,1.54392
10.9233,12.8178,1.5397
10.9283,13.5608,1.5837
10.9333,12.0021,1.48991
10.9383,13.2304,1.56429
10.9433,12.7985,1.53854
10.9483,13.42,1.57546
10.9533,13.6162,1.58693
10.9583,12.9327,1.54659
10.9633,13.6959,1.59157
10.9683,12.879,1.54337
10.9733,11.8901,1.48294
10.9783,13.1761,1.56108
10.9833,11.5717,1.46295
10.9883,14.8751,1.65867
10.9933,12.3032,1.50848
10.9983,9.65606,1.33638
11.0033,12.0036,1.49
11.0083,11.8331,1.47938
11.0133,14.0656,1.61291
11.0183,13.9265,1.60491
11.0233,13.0093,1.55116
11.0283,11.0219,1.42777
11.0333,13.1022,1.55669
11.0383,13.805,1.5979
11.0433,13.7725,1.59601
11.0483,14.2646,1.62428
11.0533,10.4008,1.38696
11.0583,10.3219,1.38169
11.0633,12.7863,1.53781
11.0683,12.8293,1.54039
11.0733,11.8528,1.48061
11.0783,12.5496,1.52351
11.0833,12.7575,1.53608
11.0883,13.1662,1.56049
11.0933,14.8292,1.65611
11.0983,11.9193,1.48476
11.1033,8.79921,1.27571
11.1083,11.7441,1.47381
11.1133,9.07598,1.29562
11.1183,9.35119,1.31512
11.1233,10.1514,1.37023
11.1283,9.37786,1.31699
11.1333,11.812,1.47806
11.1383,11.5175,1.45952
11.1433,13.4507,1.57726
11.1483,9.8624,1.35058
11.1533,10.8637,1.41749
11.1583,12.5595,1.52411
11.1633,11.9059,1.48392
11.1683,11.3026,1.44584
11.1733,11.4066,1.45247
11.1783,12.9105,1.54526
11.1833,11.1302,1.43477
11.1883,11.5425,1.4611
11.1933,9.32558,1.31331
11.1983,8.15392,1.22804
11.2033,13.1461,1.55929
11.2083,10.105,1.3671
11.2133,8.47558,1.25203
11.2183,9.87596,1.35151
11.2233,11.8961,1.48331
11.2283,12.1242,1.49747
11.2333,10.3515,1.38367
11.2383,10.0675,1.36455
11.2433,12.1924,1.50167
11.2483,10.9435,1.42268
11.2533,11.3371,1.44804
11.2583,12.6865,1.53179
11.2633,8.33187,1.24137
11.2683,10.1196,1.36808
11.2733,11.8097,1.47792
11.2783,13.1209,1.5578
11.2833,12.0534,1.49309
11.2883,9.51822,1.32681
11.2933,10.1941,1.37311
11.2983,10.2117,1.37429
11.3033,9.66784,1.3372
11.3083,8.24537,1.23491
11.3133,11.1934,1.43884
11.3183,10.2506,1.37691
11.3233,10.4022,1.38705
11.3283,10.5203,1.39491
11.3333,8.91294,1.28393
11.3383,8.4833,1.2526
11.3433,7.92838,1.21094
11.3483,8.95717,1.28711
11.3533,8.68258,1.26723
11.3583,9.34869,1.31494
11.3633,8.66383,1.26586
11.3683,9.16904,1.30224
11.3733,10.3256,1.38193
11.3783,11.496,1.45816
11.3833,10.2593,1.37749
11.3883,10.366,1.38463
11.3933,8.73269,1.27088
11.3983,7.67861,1.19171
11.4033,10.1143,1.36773
11.4083,11.318,1.44682
11.4133,11.6306,1.46667
11.4183,10.0783,1.36529
11.4233,10.6256,1.40187
11.4283,9.47816,1.32401
11.4333,9.58381,1.33137
11.4383,9.51193,1.32637
11.4433,8.64558,1.26453
11.4483,7.48031,1.17622
11.4533,9.97613,1.35835
11.4583,10.7385,1.4093
11.4633,10.7319,1.40886
11.4683,8.66492,1.26594
11.4733,8.84287,1.27887
11.4783,10.5411,1.39628
11.4833,7.81006,1.20187
11.4883,9.326,1.31334
11.4933,8.67621,1.26676
11.4983,10.5897,1.39949
11.5033,10.7523,1.4102
11.5083,10.9441,1.42272
11.5133,9.54185,1.32845
11.5183,10.7111,1.4075
11.5233,9.4867,1.32461
11.5283,9.11932,1.29871
11.5333,8.17074,1.22931
11.5383,10.0573,1.36386
11.5433,9.57016,1.33042
11.5483,9.05453,1.29409
11.5533,8.59395,1.26074
11.5583,9.30744,1.31204
11.5633,10.504,1.39382
11.5683,9.43913,1.32128
11.5733,10.2857,1.37926
11.5783,9.20908,1.30508
11.5833,10.0641,1.36433
11.5883,10.2047,1.37382
11.5933,8.53036,1.25607
11.5983,7.19358,1.15346
11.6033,8.17603,1.22971
11.6083,9.03743,1.29286
11.6133,9.89717,1.35296
11.6183,10.09,1.36608
11.6233,9.74002,1.34218
11.6283,9.9475,1.3564
11.6333,8.23778,1.23434
11.6383,8.14904,1.22768
11.6433,7.88174,1.20737
11.6483,9.39758,1.31837
11.6533,9.20669,1.30491
11.6583,10.0694,1.36468
11.6633,9.0602,1.29449
11.6683,9.31033,1.31224
11.6733,7.03184,1.14042
11.6783,7.05257,1.1421
11.6833,9.25011,1.30799
11.6883,9.01309,1.29112
11.6933,8.77399,1.27388
11.6983,7.95163,1.21271
11.7033,7.34923,1.16587
11.7083,8.01535,1.21756
11.7133,8.66683,1.26608
11.7183,8.79041,1.27507
11.7233,9.14069,1.30023
11.7283,8.79989,1.27576
11.7333,8.78291,1.27453
11.7383,9.21737,1.30567
11.7433,7.70305,1.19361
11.7483,8.28014,1.23751
11.7533,10.2062,1.37392
11.7583,8.71802,1.26981
11.7633,8.46147,1.25099
11.7683,7.36459,1.16709
11.7733,9.44903,1.32198
11.7783,9.09519,1.29699
11.7833,7.25447,1.15833
11.7883,9.80304,1.34651
11.7933,7.42683,1.17201
11.7983,6.30548,1.07991
11.8033,8.44882,1.25005
11.8083,7.40609,1.17037
11.8133,7.66344,1.19054
11.8183,7.84358,1.20445
11.8233,5.63768,1.02113
11.8283,6.0502,1.05783
11.8333,6.41572,1.08931
11.8383,6.50486,1.09686
11.8433,6.25869,1.0759
11.8483,7.27105,1.15966
11.8533,7.11963,1.14752
11.8583,6.96669,1.13512
11.8633,6.72026,1.11487
11.8683,7.55982,1.18246
11.8733,7.6137,1.18667
11.8783,5.03545,0.965049
11.8833,6.05412,1.05817
11.8883,6.24127,1.0744
11.8933,6.57483,1.10274
11.8983,9.32134,1.31301
11.9033,10.0181,1.36121
11.9083,5.73787,1.03016
11.9133,8.66829,1.26619
11.9183,6.88817,1.12871
11.9233,6.36192,1.08474
11.9283,6.8121,1.12246
11.9333,8.52466,1.25565
11.9383,7.01543,1.13909
11.9433,6.51225,1.09748
11.9483,8.11804,1.22534
11.9533,7.3611,1.16681
11.9583,7.59913,1.18553
11.9633,8.27002,1.23675
11.9683,7.27825,1.16023
11.9733,7.20205,1.15414
11.9783,6.24509,1.07473
11.9833,7.08701,1.14488
11.9883,6.93075,1.13219
11.9933,8.13853,1.22688
11.9983,8.72483,1.27031
12.0033,6.65865,1.10975
12.0083,5.61454,1.01903
12.0133,6.24387,1.07463
12.0183,6.81438,1.12265
12.0233,6.97118,1.13549
12.0283,8.35926,1.24341
12.0333,8.81286,1.2767
12.0383,8.33454,1.24157
12.0433,7.1983,1.15384
12.0483,4.85844,0.947935
12.0533,7.28287,1.1606
12.0583,6.90821,1.13035
12.0633,5.80423,1.0361
12.0683,5.22975,0.983492
12.0733,5.61372,1.01896
12.0783,6.74663,1.11705
12.0833,6.03666,1.05664
12.0883,6.9978,1.13766
12.0933,5.63475,1.02086
12.0983,6.25169,1.0753
12.1033,6.29144,1.07871
12.1083,6.79995,1.12146
12.1133,5.04908,0.966355
12.1183,6.24907,1.07507
12.1233,6.23493,1.07386
12.1283,5.94881,1.04893
12.1333,5.20812,0.981456
12.1383,5.4196,1.00118
12.1433,5.70066,1.02682
12.1483,7.31813,1.1634
12.1533,5.72885,1.02935
12.1583,4.95212,0.95703
12.1633,5.39466,0.998878
12.1683,7.12078,1.14761
12.1733,7.00845,1.13852
12.1783,8.59987,1.26118
12.1833,5.4671,1.00556
12.1883,6.63403,1.10769
12.1933,6.11314,1.06332
12.1983,5.31938,0.991884
12.2033,6.53896,1.09973
12.2083,6.71536,1.11446
12.2133,6.35761,1.08437
12.2183,5.88216,1.04304
12.2233,7.26801,1.15941
12.2283,6.74424,1.11686
12.2333,5.69008,1.02586
12.2383,5.87676,1.04256
12.2433,6.69215,1.11253
12.2483,6.31514,1.08074
12.2533,6.95798,1.13442
12.2583,6.0644,1.05907
12.2633,5.27939,0.988149
12.2683,4.06143,0.866702
12.2733,5.9371,1.04789
12.2783,5.68446,1.02536
12.2833,5.26691,0.98698
12.2883,4.47393,0.909651
12.2933,5.95877,1.04981
12.2983,4.90104,0.952082
12.3033,5.7721,1.03323
12.3083,6.31668,1.08087
12.3133,4.80546,0.942753
12.3183,5.73488,1.02989
12.3233,5.58838,1.01665
12.3283,5.89408,1.04409
12.3333,6.44622,1.0919
12.3383,5.65347,1.02256
12.3433,5.65372,1.02258
12.3483,4.7074,0.933085
12.3533,4.94412,0.956258
12.3583,5.8621,1.04125
12.3633,4.21048,0.882462
12.3683,3.98277,0.858269
12.3733,5.85866,1.04095
12.3783,5.49068,1.00773
12.3833,5.30647,0.99068
12.3883,6.93767,1.13276
12.3933,4.18153,0.879423
12.3983,4.65392,0.927769
12.4033,4.60784,0.923165
12.4083,4.17359,0.878588
12.4133,6.12276,1.06415
12.4183,6.34029,1.08289
12.4233,5.47503,1.00629
12.4283,5.39799,0.999186
12.4333,6.45613,1.09274
12.4383,4.40994,0.903123
12.4433,4.1964,0.880986
12.4483,4.09303,0.870067
12.4533,4.38051,0.900105
12.4583,5.47516,1.0063
12.4633,4.05863,0.866403
12.4683,5.41966,1.00119
12.4733,5.33268,0.993123
12.4783,5.71856,1.02843
12.4833,4.53771,0.916112
12.4883,6.27061,1.07692
12.4933,6.10769,1.06284
12.4983,6.70355,1.11348
12.5033,4.86162,0.948246
12.5083,5.66364,1.02348
12.5133,4.88105,0.950139
12.5183,5.50357,1.00891
12.5233,3.77842,0.83596
12.5283,4.68487,0.930849
12.5333,5.73012,1.02947
12.5383,4.57561,0.919931
12.5433,4.75183,0.937478
12.5483,6.32037,1.08119
12.5533,6.95879,1.13448
12.5583,3.84011,0.842757
12.5633,5.28172,0.988367
12.5683,5.13615,0.974651
12.5733,4.43421,0.905604
12.5783,5.03182,0.964702
12.5833,4.68764,0.931124
12.5883,4.95565,0.957372
12.5933,5.09111,0.970368
12.5983,3.91226,0.850637
12.6033,4.01606,0.861847
12.6083,5.50135,1.00871
12.6133,6.56684,1.10207
12.6183,4.49741,0.912036
12.6233,5.86525,1.04153
12.6283,5.16966,0.977826
12.6333,4.57889,0.92026
12.6383,4.65511,0.927887
12.6433,5.0415,0.965629
12.6483,4.50758,0.913066
12.6533,6.3606,1.08462
12.6583,5.74795,1.03107
12.6633,4.7296,0.935282
12.6683,4.56528,0.918891
12.6733,4.43461,0.905646
12.6783,4.68198,0.930561
12.6833,5.21626,0.982223
12.6883,4.7697,0.939239
12.6933,3.66209,0.82299
12.6983,3.52529,0.807472
12.7033,3.94803,0.854517
12.7083,4.75691,0.937978
12.7133,4.65712,0.928088
12.7183,5.25208,0.985589
12.7233,4.38528,0.900594
12.7283,5.16492,0.977377
12.7333,4.85702,0.947797
12.7383,5.30419,0.990467
12.7433,4.6428,0.926659
12.7483,4.52422,0.91475
12.7533,5.15654,0.976584
12.7583,5.26177,0.986498
12.7633,4.78177,0.940426
12.7683,5.49089,1.00775
12.7733,4.18968,0.88028
12.7783,4.42495,0.904659
12.7833,6.4803,1.09478
12.7883,5.0546,0.966882
12.7933,4.2624,0.887886
12.7983,4.35646,0.897629
12.8033,4.12969,0.873955
12.8083,5.08312,0.969607
12.8133,5.60951,1.01857
12.8183,5.04539,0.966001
12.8233,4.88021,0.950057
12.8283,2.83186,0.723713
12.8333,4.06376,0.866951
12.8383,4.7072,0.933064
12.8433,5.1297,0.974039
12.8483,3.45809,0.799739
12.8533,5.69856,1.02663
12.8583,5.2818,0.988374
12.8633,4.62467,0.924849
12.8683,4.08344,0.869048
12.8733,3.20254,0.769622
12.8783,4.80283,0.942495
12.8833,3.5878,0.8146
12.8883,3.71455,0.828864
12.8933,5.15241,0.976193
12.8983,4.61105,0.923486
12.9033,3.34177,0.786174
12.9083,4.19012,0.880326
12.9133,4.22772,0.884268
12.9183,4.76654,0.938927
12.9233,5.88599,1.04337
12.9283,5.75202,1.03143
12.9333,5.63935,1.02128
12.9383,3.91612,0.851056
12.9433,5.77117,1.03315
12.9483,4.77878,0.940132
12.9533,3.87101,0.846141
12.9583,4.43392,0.905575
12.9633,3.94729,0.854437
12.9683,4.73207,0.935526
12.9733,3.5926,0.815145
12.9783,3.77058,0.835092
12.9833,3.03882,0.749692
12.9883,4.45496,0.907721
12.9933,3.79628,0.837933
12.9983,3.55611,0.810995
13.0033,2.56905,0.689313
13.0083,3.39619,0.79255
13.0133,4.50343,0.912646
13.0183,3.54402,0.809614
13.0233,4.15337,0.876458
13.0283,3.76033,0.833956
13.0333,4.05994,0.866544
13.0383,3.94687,0.854391
13.0433,3.51101,0.805836
13.0483,4.64116,0.926496
13.0533,4.44661,0.906869
13.0583,3.43011,0.796498
13.0633,2.44663,0.67269
13.0683,2.54725,0.686383
13.0733,3.50137,0.804728
13.0783,3.25657,0.776088
13.0833,3.36427,0.788816
13.0883,3.1763,0.766463
13.0933,3.8689,0.84591
13.0983,2.92877,0.735992
13.1033,3.26665,0.777287
13.1083,2.39393,0.665405
13.1133,2.09747,0.622842
13.1183,3.51917,0.806771
13.1233,2.44086,0.671895
13.1283,3.2278,0.772652
13.1333,3.52543,0.807489
13.1383,4.29494,0.891269
13.1433,5.17566,0.978393
13.1483,4.06718,0.867316
13.1533,3.24366,0.774547
13.1583,2.88766,0.730809
13.1633,2.43931,0.671682
13.1683,3.58638,0.814439
13.1733,4.04555,0.865007
13.1783,3.71231,0.828615
13.1833,3.32251,0.783905
13.1883,3.31163,0.782621
13.1933,2.47763,0.676937
13.1983,2.36987,0.662053
13.2033,2.42134,0.669204
13.2083,3.40112,0.793125
13.2133,3.55295,0.810634
13.2183,4.13282,0.874286
13.2233,4.60479,0.922858
13.2283,4.92141,0.954059
13.2333,3.19748,0.769014
13.2383,4.82627,0.944792
13.2433,3.40194,0.793221
13.2483,2.82188,0.722437
13.2533,3.57744,0.813424
13.2583,2.57912,0.690663
13.2633,2.56914,0.689325
13.2683,2.94894,0.738522
13.2733,3.65492,0.822184
13.2783,3.84517,0.843312
13.2833,3.4425,0.797934
13.2883,2.5513,0.686928
13.2933,3.17873,0.766756
13.2983,3.74862,0.832657
13.3033,2.90601,0.733127
13.3083,3.68591,0.825663
13.3133,4.55473,0.917829
13.3183,3.39735,0.792684
13.3233,2.81274,0.721265
13.3283,2.68457,0.704641
13.3333,4.65981,0.928356
13.3383,3.16353,0.764921
13.3433,4.52836,0.915169
13.3483,3.27192,0.777914
13.3533,2.07852,0.620022
13.3583,3.11619,0.759176
13.3633,3.95646,0.855429
13.3683,2.31242,0.65398
13.3733,4.563,0.918662
13.3783,4.69352,0.931708
13.3833,4.17361,0.878591
13.3883,3.4718,0.801323
13.3933,3.42907,0.796376
13.3983,2.62765,0.697131
13.4033,4.1842,0.879704
13.4083,2.58361,0.691263
13.4133,2.96254,0.740223
13.4183,2.8252,0.722862
13.4233,3.06895,0.7534
13.4283,2.94451,0.737967
13.4333,2.45787,0.674233
13.4383,1.8769,0.589183
13.4433,3.38898,0.791708
13.4483,3.00371,0.745349
13.4533,2.86154,0.727496
13.4583,2.6396,0.698714
13.4633,4.21481,0.882916
13.4683,3.02661,0.748184
13.4733,2.58055,0.690855
13.4783,3.10771,0.758143
13.4833,2.69542,0.706063
13.4883,2.6614,0.701594
13.4933,2.13859,0.628919
13.4983,4.34017,0.89595
13.5033,3.02785,0.748337
13.5083,2.57378,0.689947
13.5133,2.22203,0.641069
13.5183,2.50366,0.680484
13.5233,2.89907,0.73225
13.5283,2.22512,0.641515
13.5333,2.70178,0.706896
13.5383,2.55175,0.686989
13.5433,3.76555,0.834535
13.5483,2.43885,0.671618
13.5533,3.27973,0.778842
13.5583,3.46666,0.80073
13.5633,2.96549,0.740591
13.5683,3.05023,0.751098
13.5733,3.07136,0.753695
13.5783,3.1871,0.767765
13.5833,2.84862,0.725852
13.5883,3.13437,0.761388
13.5933,2.44624,0.672636
13.5983,2.78055,0.717126
13.6033,3.79805,0.838128
13.6083,3.044,0.750331
13.6133,3.2093,0.770434
13.6183,3.25348,0.775719
13.6233,2.55288,0.687141
13.6283,2.74227,0.712173
13.6333,1.93303,0.597929
13.6383,2.75892,0.714331
13.6433,2.44498,0.672462
13.6483,2.02292,0.611673
13.6533,3.09615,0.75673
13.6583,2.81376,0.721396
13.6633,2.72978,0.710549
13.6683,2.04065,0.614349
13.6733,2.85089,0.72614
13.6783,3.51529,0.806326
13.6833,3.41816,0.795109
13.6883,2.6892,0.705248
13.6933,2.29669,0.651751
13.6983,2.25966,0.646476
13.7033,2.52915,0.68394
13.7083,3.25789,0.776245
13.7133,2.19885,0.637717
13.7183,2.5649,0.688756
13.7233,2.63759,0.698448
13.7283,1.88685,0.590743
13.7333,3.19719,0.76898
13.7383,3.51462,0.806249
13.7433,2.5459,0.686201
13.7483,3.81435,0.839925
13.7533,3.21278,0.770852
13.7583,2.9643,0.740443
13.7633,2.51604,0.682164
13.7683,2.16283,0.632473
13.7733,2.09822,0.622953
13.7783,1.9401,0.599022
13.7833,2.46083,0.674639
13.7883,3.15553,0.763953
13.7933,2.18943,0.636349
13.7983,2.24078,0.643769
13.8033,3.39943,0.792927
13.8083,3.32735,0.784476
13.8133,2.8172,0.721838
13.8183,2.20395,0.638456
13.8233,2.52014,0.68272
13.8283,3.12458,0.760197
13.8333,2.73934,0.711793
13.8383,2.64245,0.699091
13.8433,1.93821,0.598729
13.8483,2.35233,0.659599
13.8533,2.0604,0.617315
13.8583,2.29007,0.65081
13.8633,2.25447,0.645732
13.8683,1.81423,0.579265
13.8733,1.89718,0.592359
13.8783,1.29548,0.489492
13.8833,1.70722,0.561922
13.8883,2.33012,0.656477
13.8933,2.25456,0.645746
13.8983,2.09848,0.622993
13.9033,2.25914,0.646401
13.9083,2.50396,0.680525
13.9133,2.36364,0.661182
13.9183,1.97373,0.604191
13.9233,2.38935,0.664768
13.9283,2.83901,0.724626
13.9333,1.87293,0.588561
13.9383,1.80841,0.578334
13.9433,2.42328,0.669472
13.9483,2.24028,0.643698
13.9533,2.3806,0.66355
13.9583,2.37075,0.662175
13.9633,1.26222,0.483168
13.9683,2.53742,0.685057
13.9733,1.89105,0.591402
13.9783,2.209,0.639188
13.9833,2.23544,0.643002
13.9883,1.51163,0.528753
13.9933,2.00687,0.609243
13.9983,3.24211,0.774362
14.0033,2.61897,0.695978
14.0083,2.68686,0.704941
14.0133,1.787,0.5749
14.0183,1.2388,0.478664
14.0233,3.25435,0.775823
14.0283,3.80444,0.838833
14.0333,2.77302,0.716155
14.0383,1.6948,0.559873
14.0433,2.25571,0.64591
14.0483,2.27106,0.648103
14.0533,2.10789,0.624388
14.0583,2.51847,0.682494
14.0633,2.6349,0.698091
14.0683,2.4247,0.669668
14.0733,2.74675,0.712755
14.0783,2.73675,0.711456
14.0833,2.28281,0.649779
14.0883,1.38734,0.50655
14.0933,2.41649,0.668533
14.0983,1.96629,0.603051
14.1033,2.16394,0.632635
14.1083,2.11999,0.626177
14.1133,2.13003,0.627658
14.1183,2.005,0.608958
14.1233,3.22224,0.771986
14.1283,2.08824,0.62147
14.1333,2.10084,0.623342
14.1383,1.34299,0.498388
14.1433,1.45376,0.518534
14.1483,2.50092,0.680111
14.1533,2.98392,0.742889
14.1583,2.24664,0.64461
14.1633,1.50146,0.526971
14.1683,2.09102,0.621884
14.1733,2.86382,0.727785
14.1783,2.24229,0.643986
14.1833,2.40743,0.667279
14.1883,2.0225,0.61161
14.1933,0.933564,0.41553
14.1983,1.25184,0.481177
14.2033,1.4804,0.523263
14.2083,1.85968,0.586474
14.2133,2.24029,0.643699
14.2183,1.37812,0.504864
14.2233,1.39009,0.507051
14.2283,1.33808,0.497476
14.2333,2.02423,0.611871
14.2383,1.34228,0.498256
14.2433,1.26311,0.483337
14.2483,1.59906,0.54383
14.2533,0.876802,0.4027
14.2583,2.22647,0.64171
14.2633,2.13387,0.628224
14.2683,1.42347,0.513103
14.2733,1.60415,0.544694
14.2783,2.1002,0.623248
14.2833,1.50977,0.528429
14.2883,1.5493,0.535301
14.2933,0.712647,0.363051
14.2983,0.992619,0.428471
14.3033,1.76695,0.571666
14.3083,1.89797,0.592481
14.3133,1.89392,0.591849
14.3183,1.71621,0.563398
14.3233,1.80155,0.577237
14.3283,1.90709,0.593903
14.3333,1.94092,0.599148
14.3383,1.57136,0.539099
14.3433,1.38658,0.50641
14.3483,1.44145,0.516334
14.3533,1.91358,0.594914
14.3583,1.25921,0.482592
14.3633,1.46648,0.520797
14.3683,0.653348,0.347618
14.3733,1.67158,0.556024
14.3783,1.46501,0.520536
14.3833,0.638869,0.343745
14.3883,1.11311,0.453733
14.3933,0.58299,0.328368
14.3983,0.794099,0.383237
14.4033,1.07942,0.446813
14.4088,0.543753,0.317126
