
1.00439,221.066,4.66288
1.00939,219.93,4.65088
1.01439,223.449,4.68794
1.01939,213.233,4.57952
1.02439,223.465,4.68811
1.02939,235.541,4.81311
1.03439,231.003,4.76653
1.03939,216.067,4.60986
1.04439,221.905,4.67172
1.04939,226.52,4.72004
1.05439,227.315,4.72833
1.05939,219.733,4.6488
1.06439,226.811,4.72308
1.06939,225.19,4.70617
1.07439,232.02,4.77701
1.07939,237.528,4.83337
1.08439,228.829,4.74404
1.08939,231.266,4.76924
1.09439,222.674,4.67981
1.09939,215.992,4.60905
1.10439,222.039,4.67313
1.10939,227.571,4.73099
1.11439,219.982,4.65143
1.11939,229.839,4.7545
1.12439,221.221,4.66451
1.12939,220.233,4.65409
1.13439,217.059,4.62043
1.13939,229.873,4.75485
1.14439,211.98,4.56605
1.14939,216.016,4.60931
1.15439,216.493,4.6144
1.15939,223.273,4.6861
1.16439,223.913,4.6928
1.16939,221.291,4.66525
1.17439,226.003,4.71466
1.17939,233.041,4.78751
1.18439,222.986,4.68309
1.18939,227.432,4.72954
1.19439,221.916,4.67184
1.19939,234.027,4.79763
1.20439,227.32,4.72838
1.20939,220.983,4.662
1.21439,228.132,4.73681
1.21939,233.893,4.79625
1.22439,229.692,4.75298
1.22939,226.907,4.72408
1.23439,228.115,4.73663
1.23939,238.559,4.84386
1.24439,223.206,4.68539
1.24939,225.022,4.70441
1.25439,229.757,4.75366
1.25939,233.146,4.78858
1.26439,226.985,4.7249
1.26939,232.337,4.78027
1.27439,230.992,4.76641
1.27939,234.308,4.80051
1.28439,234.556,4.80304
1.28939,241.914,4.87779
1.29439,238.281,4.84103
1.29939,232.312,4.78001
1.30439,229.2,4.74789
1.30939,226.608,4.72097
1.31439,220.805,4.66013
1.31939,229.852,4.75464
1.32439,233.314,4.79031
1.32939,238.66,4.84488
1.33439,232.457,4.7815
1.33939,228.807,4.74382
1.34439,235.346,4.81112
1.34939,240.381,4.86231
1.35439,231.683,4.77354
1.35939,229.161,4.74749
1.36439,233.322,4.79039
1.36939,234.185,4.79924
1.37439,231.922,4.776
1.37939,237.719,4.83532
1.38439,228.801,4.74375
1.38939,229.635,4.75239
1.39439,237.918,4.83734
1.39939,219.671,4.64814
1.40439,226.12,4.71588
1.40939,239.5,4.8534
1.41439,232.043,4.77725
1.41939,234.857,4.80612
1.42439,237.724,4.83537
1.42939,230.01,4.75627
1.43439,229.756,4.75364
1.43939,228.956,4.74536
1.44439,225.373,4.70808
1.44939,222.95,4.6827
1.45439,236.734,4.82529
1.45939,237.248,4.83053
1.46439,243.947,4.89825
1.46939,234.876,4.80632
1.47439,238.233,4.84055
1.47939,238.941,4.84773
1.48439,242.437,4.88307
1.48939,245.941,4.91823
1.49439,237.225,4.83029
1.49939,241.686,4.87549
1.50439,241.387,4.87249
1.50939,245.867,4.91748
1.51439,245.906,4.91788
1.51939,235.763,4.81539
1.52439,240.847,4.86703
1.52939,240.224,4.86073
1.53439,244.043,4.89922
1.53939,242.831,4.88703
1.54439,241.525,4.87388
1.54939,235.932,4.81711
1.55439,244.336,4.90215
1.55939,243.029,4.88903
1.56439,250.151,4.96015
1.56939,249.576,4.95444
1.57439,252.195,4.98037
1.57939,240.155,4.86003
1.58439,249.101,4.94972
1.58939,249.072,4.94943
1.59439,252.592,4.98429
1.59939,252.895,4.98728
1.60439,249.477,4.95346
1.60939,249.993,4.95857
1.61439,252.154,4.97996
1.61939,258.616,5.04337
1.62439,253.99,4.99806
1.62939,256.185,5.01961
1.63439,264.826,5.10356
1.63939,265.707,5.11205
1.64439,254.358,5.00168
1.64939,253.678,4.99499
1.65439,251.325,4.97177
1.65939,258.501,5.04225
1.66439,261.741,5.07375
1.66939,254.146,4.99959
1.67439,265.267,5.10781
1.67939,271.146,5.1641
1.68439,270.867,5.16144
1.68939,271.978,5.17201
1.69439,267.497,5.12923
1.69939,264.086,5.09643
1.70439,273.165,5.18329
1.70939,273.034,5.18205
1.71439,271.389,5.16642
1.71939,277.425,5.22355
1.72439,271.901,5.17128
1.72939,277.181,5.22126
1.73439,276.096,5.21103
1.73939,272.593,5.17786
1.74439,287.044,5.31334
1.74939,281.378,5.26063
1.75439,284.978,5.29418
1.75939,284.755,5.29211
1.76439,275.589,5.20624
1.76939,282.766,5.27359
1.77439,284.673,5.29135
1.77939,288.516,5.32694
1.78439,294.928,5.38581
1.78939,289.346,5.3346
1.79439,297.631,5.41044
1.79939,296.486,5.40002
1.80439,304.183,5.46966
1.80939,301.443,5.44498
1.81439,294.027,5.37757
1.81939,305.417,5.48075
1.82439,309.651,5.5186
1.82939,315.511,5.57058
1.83439,311.517,5.53521
1.83939,311.853,5.5382
1.84439,304.998,5.47698
1.84939,324.5,5.64938
1.85439,318.825,5.59976
1.85939,315.017,5.56621
1.86439,321.391,5.62224
1.86939,313.239,5.55049
1.87439,322.866,5.63514
1.87939,321.727,5.62519
1.88439,322.846,5.63496
1.88939,331.936,5.71374
1.89439,325.605,5.65899
1.89939,320.04,5.61042
1.90439,323.557,5.64116
1.90939,331.158,5.70704
1.91439,332.003,5.71432
1.91939,329.019,5.68858
1.92439,332.444,5.71811
1.92939,334.264,5.73374
1.93439,345.611,5.83025
1.93939,334.899,5.73918
1.94439,334.877,5.73899
1.94939,338.519,5.77012
1.95439,340.187,5.78432
1.95939,348.319,5.85304
1.96439,334.269,5.73378
1.96939,339.828,5.78127
1.97439,349.904,5.86634
1.97939,351.083,5.87622
1.98439,349.401,5.86213
1.98939,354.615,5.90571
1.99439,361.057,5.9591
1.99939,354.537,5.90505
2.00439,365.304,5.99405
2.00939,376.876,6.08825
2.01439,367.042,6.00829
2.01939,366.512,6.00396
2.02439,376.81,6.08772
2.02939,371.863,6.04762
2.03439,380.315,6.11596
2.03939,376.395,6.08436
2.04439,381.252,6.1235
2.04939,387.807,6.17591
2.05439,385.585,6.15819
2.05939,397.88,6.2556
2.06439,389.076,6.18601
2.06939,402.414,6.29115
2.07439,405.712,6.31687
2.07939,405.349,6.31405
2.08439,393.84,6.22376
2.08939,400.102,6.27305
2.09439,405.208,6.31295
2.09939,397.163,6.24996
2.10439,401.072,6.28064
2.10939,414.877,6.38782
2.11439,419.717,6.42498
2.11939,424.306,6.46
2.12439,426.162,6.47412
2.12939,419.311,6.42187
2.13439,415.715,6.39427
2.13939,424.564,6.46197
2.14439,423.286,6.45223
2.14939,432.578,6.52267
2.15439,433.991,6.53331
2.15939,433.826,6.53207
2.16439,433.505,6.52965
2.16939,432.884,6.52497
2.17439,450.883,6.65925
2.17939,439.269,6.57292
2.18439,439.646,6.57574
2.18939,449.341,6.64785
2.19439,450.972,6.6599
2.19939,454.613,6.68674
2.20439,462.328,6.74323
2.20939,460.72,6.7315
2.21439,472.497,6.81699
2.21939,459.598,6.7233
2.22439,468.547,6.78844
2.22939,463.459,6.75148
2.23439,478.971,6.86353
2.23939,482.398,6.88804
2.24439,480.287,6.87296
2.24939,488.903,6.93433
2.25439,483.319,6.89462
2.25939,485.631,6.91108
2.26439,483.301,6.89449
2.26939,486.474,6.91708
2.27439,493.901,6.96968
2.27939,500.703,7.01752
2.28439,501.44,7.02267
2.28939,503.442,7.03668
2.29439,506.379,7.05718
2.29939,509.959,7.08208
2.30439,509.152,7.07647
2.30939,514.375,7.11268
2.31439,515.003,7.11702
2.31939,519.871,7.15057
2.32439,516.989,7.13073
2.32939,520.523,7.15506
2.33439,533.825,7.2459
2.33939,539.293,7.28292
2.34439,535.489,7.25719
2.34939,532.092,7.23413
2.35439,533.644,7.24468
2.35939,540.801,7.2931
2.36439,541.004,7.29446
2.36939,545.015,7.32146
2.37439,531.159,7.22779
2.37939,548.474,7.34465
2.38439,547.6,7.3388
2.38939,555.684,7.39277
2.39439,554.721,7.38636
2.39939,563.67,7.4457
2.40439,558.528,7.41166
2.40939,555.071,7.38869
2.41439,560.532,7.42495
2.41939,551.468,7.36467
2.42439,556.5,7.39819
2.42939,575.221,7.52161
2.43439,571.248,7.49558
2.43939,566.383,7.4636
2.44439,572.695,7.50507
2.44939,556.721,7.39966
2.45439,562.871,7.44042
2.45939,562.055,7.43502
2.46439,570.066,7.48782
2.46939,568.729,7.47904
2.47439,584.965,7.58504
2.47939,586.559,7.59537
2.48439,585.982,7.59164
2.48939,587.367,7.6006
2.49439,588.704,7.60924
2.49939,590.89,7.62336
2.50439,601.997,7.69468
2.50939,608.75,7.73771
2.51439,594.287,7.64524
2.51939,594.672,7.64772
2.52439,590.431,7.6204
2.52939,607.433,7.72934
2.53439,605.43,7.71658
2.53939,592.852,7.63601
2.54439,608.268,7.73465
2.54939,594.838,7.64879
2.55439,594.649,7.64757
2.55939,609.656,7.74347
2.56439,603.746,7.70585
2.56939,606.555,7.72375
2.57439,611.832,7.75728
2.57939,591.99,7.63046
2.58439,599.435,7.67828
2.58939,593.032,7.63717
2.59439,590.354,7.6199
2.59939,591.325,7.62617
2.60439,592.449,7.63341
2.60939,593.312,7.63897
2.61439,579.364,7.54864
2.61939,582.498,7.56903
2.62439,590.582,7.62137
2.62939,583.063,7.5727
2.63439,586.725,7.59645
2.63939,578.475,7.54285
2.64439,582.235,7.56733
2.64939,579.996,7.55276
2.65439,571.162,7.49502
2.65939,567.658,7.47199
2.66439,570.873,7.49313
2.66939,576.469,7.52976
2.67439,569.704,7.48545
2.67939,563.287,7.44317
2.68439,562.722,7.43944
2.68939,574.065,7.51404
2.69439,562.267,7.43643
2.69939,562.227,7.43617
2.70439,562.682,7.43917
2.70939,570.445,7.49032
2.71439,564.003,7.4479
2.71939,559.612,7.41885
2.72439,557.305,7.40354
2.72939,557.448,7.4045
2.73439,556.092,7.39548
2.73939,549.128,7.34903
2.74439,554.22,7.38302
2.74939,546.08,7.32861
2.75439,550.982,7.36142
2.75939,554.582,7.38543
2.76439,546.525,7.33159
2.76939,536.473,7.26385
2.77439,550.871,7.36069
2.77939,541.539,7.29807
2.78439,544.951,7.32103
2.78939,540.635,7.29197
2.79439,523.311,7.17419
2.79939,516.437,7.12692
2.80439,508.787,7.07393
2.80939,527.747,7.20454
2.81439,517.51,7.13432
2.81939,511.837,7.09511
2.82439,493.601,6.96757
2.82939,511.979,7.09609
2.83439,500.745,7.01781
2.83939,501.751,7.02485
2.84439,520.392,7.15416
2.84939,506.315,7.05673
2.85439,500.84,7.01847
2.85939,492.234,6.95791
2.86439,492.703,6.96122
2.86939,486.927,6.9203
2.87439,492.052,6.95662
2.87939,478.146,6.85762
2.88439,495.589,6.98159
2.88939,492.033,6.95649
2.89439,484.411,6.9024
2.89939,489.23,6.93665
2.90439,498.943,7.00517
2.90939,488.769,6.93338
2.91439,486.271,6.91564
2.91939,494.664,6.97507
2.92439,487.377,6.9235
2.92939,498.847,7.0045
2.93439,495.776,6.9829
2.93939,493.444,6.96646
2.94439,480.991,6.87799
2.94939,473.999,6.82781
2.95439,483.637,6.89688
2.95939,476.369,6.84486
2.96439,481.959,6.88491
2.96939,486.078,6.91427
2.97439,479.982,6.87077
2.97939,478.361,6.85916
2.98439,461.955,6.74052
2.98939,469.905,6.79827
2.99439,459.767,6.72453
2.99939,472.296,6.81554
3.00439,466.542,6.7739
3.00939,453.767,6.68051
3.01439,452.67,6.67243
3.01939,456.371,6.69965
3.02439,450.678,6.65773
3.02939,441.084,6.58648
3.03439,447.363,6.6332
3.03939,458.283,6.71367
3.04439,454.098,6.68295
3.04939,439.117,6.57179
3.05439,427.462,6.48399
3.05939,438.516,6.56729
3.06439,433.248,6.52772
3.06939,445.454,6.61903
3.07439,441.335,6.58836
3.07939,423.014,6.45016
3.08439,426.097,6.47362
3.08939,434.731,6.53888
3.09439,430.664,6.50822
3.09939,431.739,6.51634
3.10439,431.058,6.5112
3.10939,440.112,6.57923
3.11439,426.625,6.47764
3.11939,425.613,6.46994
3.12439,424.086,6.45833
3.12939,429.306,6.49796
3.13439,426.356,6.47559
3.13939,422.478,6.44608
3.14439,417.803,6.41031
3.14939,409.665,6.34757
3.15439,401.042,6.28041
3.15939,413.001,6.37336
3.16439,409.007,6.34247
3.16939,404.353,6.30628
3.17439,406.526,6.3232
3.17939,399.729,6.27013
3.18439,400.565,6.27668
3.18939,392.887,6.21623
3.19439,400.911,6.27939
3.19939,394.088,6.22573
3.20439,390.703,6.19893
3.20939,390.37,6.19628
3.21439,394.759,6.23102
3.21939,386.167,6.16284
3.22439,387.814,6.17596
3.22939,400.075,6.27283
3.23439,391.164,6.20258
3.23939,392.866,6.21607
3.24439,393.332,6.21975
3.24939,382.275,6.1317
3.25439,384.546,6.14989
3.25939,384.252,6.14754
3.26439,381.435,6.12496
3.26939,377.255,6.09131
3.27439,373.342,6.05964
3.27939,375.952,6.08078
3.28439,372.042,6.04908
3.28939,372.824,6.05543
3.29439,369.461,6.02806
3.29939,362.05,5.9673
3.30439,358.174,5.93527
3.30939,355.984,5.9171
3.31439,363.89,5.98244
3.31939,365.097,5.99235
3.32439,355.116,5.90987
3.32939,354.37,5.90367
3.33439,354.197,5.90222
3.33939,346.212,5.83531
3.34439,347.029,5.84219
3.34939,355.936,5.91669
3.35439,346.501,5.83775
3.35939,347.69,5.84776
3.36439,336.763,5.75513
3.36939,337.865,5.76454
3.37439,345.764,5.83154
3.37939,338.281,5.76809
3.38439,340.629,5.78807
3.38939,341.647,5.79672
3.39439,326.439,5.66623
3.39939,331.603,5.71088
3.40439,335.202,5.74178
3.40939,334.701,5.73749
3.41439,332.124,5.71535
3.41939,331.919,5.7136
3.42439,327.721,5.67735
3.42939,325.392,5.65714
3.43439,320.127,5.61118
3.43939,332.861,5.7217
3.44439,324.415,5.64863
3.44939,316.561,5.57984
3.45439,320.08,5.61077
3.45939,320.47,5.61419
3.46439,313.21,5.55023
3.46939,318.945,5.60081
3.47439,315.346,5.56912
3.47939,305.602,5.48241
3.48439,310.285,5.52425
3.48939,307.446,5.49892
3.49439,303.276,5.46151
3.49939,304.247,5.47024
3.50439,299.717,5.42936
3.50939,306.567,5.49106
3.51439,303.679,5.46513
3.51939,304.976,5.47679
3.52439,302.471,5.45425
3.52939,306.821,5.49333
3.53439,297.219,5.40669
3.53939,295.106,5.38744
3.54439,293.521,5.37295
3.54939,291.918,5.35826
3.55439,287.986,5.32205
3.55939,289.549,5.33647
3.56439,290.143,5.34194
3.56939,292.491,5.36351
3.57439,289.513,5.33614
3.57939,279.766,5.24555
3.58439,286.351,5.30692
3.58939,291.312,5.3527
3.59439,283.657,5.2819
3.59939,272.306,5.17513
3.60439,278.314,5.23191
3.60939,273.005,5.18177
3.61439,274.45,5.19546
3.61939,272.474,5.17673
3.62439,273.67,5.18808
3.62939,275.362,5.20409
3.63439,266.787,5.12242
3.63939,271.775,5.17009
3.64439,270.217,5.15525
3.64939,266.677,5.12137
3.65439,271.017,5.16288
3.65939,269.014,5.14376
3.66439,264.297,5.09847
3.66939,262.704,5.08307
3.67439,261.18,5.06831
3.67939,267.72,5.13137
3.68439,260.989,5.06646
3.68939,260.769,5.06432
3.69439,250.247,4.96109
3.69939,248.006,4.93883
3.70439,243.672,4.89549
3.70939,249.719,4.95585
3.71439,247.204,4.93084
3.71939,241.325,4.87186
3.72439,249.654,4.95522
3.72939,241.2,4.8706
3.73439,245.936,4.91817
3.73939,248.919,4.94792
3.74439,254.162,4.99975
3.74939,238.683,4.84511
3.75439,249.964,4.95829
3.75939,248.229,4.94105
3.76439,233.484,4.79205
3.76939,244.287,4.90166
3.77439,235.495,4.81264
3.77939,233.339,4.79057
3.78439,238.053,4.83872
3.78939,240.625,4.86479
3.79439,224.256,4.6964
3.79939,234.08,4.79817
3.80439,234.967,4.80725
3.80939,234.77,4.80524
3.81439,233.753,4.79482
3.81939,233.848,4.79579
3.82439,225.692,4.71141
3.82939,223.88,4.69246
3.83439,228.426,4.73986
3.83939,221.011,4.6623
3.84439,218.996,4.641
3.84939,219.817,4.64969
3.85439,224.832,4.70243
3.85939,221.171,4.66399
3.86439,222.62,4.67924
3.86939,217.127,4.62115
3.87439,217.258,4.62254
3.87939,209.544,4.53974
3.88439,214.011,4.58787
3.88939,212.152,4.56791
3.89439,212.508,4.57173
3.89939,211.027,4.55577
3.90439,210.755,4.55284
3.90939,210.932,4.55475
3.91439,207.168,4.51393
3.91939,212.328,4.5698
3.92439,216.714,4.61675
3.92939,201.508,4.45184
3.93439,206.19,4.50326
3.93939,199.754,4.43242
3.94439,204.934,4.48952
3.94939,208.681,4.53038
3.95439,202.486,4.46263
3.95939,201.075,4.44705
3.96439,201.104,4.44737
3.96939,194.905,4.37829
3.97439,200.258,4.43801
3.97939,197.224,4.40426
3.98439,194.579,4.37463
3.98939,196.125,4.39197
3.99439,186.84,4.28675
3.99939,186.961,4.28814
4.00439,195.93,4.38979
4.00939,194.286,4.37133
4.01439,185.273,4.26873
4.01939,188.751,4.30862
4.02439,186.582,4.28378
4.02939,188.67,4.3077
4.03439,188.42,4.30483
4.03939,180.077,4.20845
4.04439,175.748,4.15755
4.04939,178.676,4.19204
4.05439,182.208,4.23328
4.05939,169.486,4.08282
4.06439,180.69,4.21561
4.06939,178.968,4.19548
4.07439,177.399,4.17705
4.07939,169.089,4.07803
4.08439,169.667,4.085
4.08939,174.386,4.14142
4.09439,177.443,4.17756
4.09939,179.696,4.204
4.10439,179.742,4.20453
4.10939,175.534,4.15503
4.11439,179.315,4.19953
4.11939,186.503,4.28288
4.12439,180.459,4.21291
4.12939,180.205,4.20995
4.13439,178.767,4.19312
4.13939,174.723,4.14542
4.14439,172.975,4.12462
4.14939,178.863,4.19424
4.15439,175.383,4.15324
4.15939,175.48,4.15439
4.16439,176.989,4.17221
4.16939,174.087,4.13786
4.17439,173.822,4.13472
4.17939,175.11,4.15001
4.18439,169.178,4.0791
4.18939,168.219,4.06753
4.19439,170.101,4.09022
4.19939,176.637,4.16806
4.20439,175.089,4.14975
4.20939,175.078,4.14963
4.21439,170.903,4.09985
4.21939,168.511,4.07106
4.22439,168.564,4.0717
4.22939,174.191,4.1391
4.23439,171.439,4.10627
4.23939,169.444,4.08231
4.24439,174.699,4.14514
4.24939,168.633,4.07253
4.25439,168.719,4.07357
4.25939,165.623,4.03603
4.26439,164.388,4.02095
4.26939,160.78,3.97658
4.27439,158.984,3.95431
4.27939,162.755,4.00093
4.28439,161.777,3.98888
4.28939,166.061,4.04135
4.29439,168.286,4.06834
4.29939,165.731,4.03734
4.30439,160.879,3.9778
4.30939,164.163,4.01819
4.31439,167.265,4.05598
4.31939,161.105,3.9806
4.32439,158.425,3.94735
4.32939,163.685,4.01233
4.33439,161.717,3.98815
4.33939,161.079,3.98027
4.34439,165.22,4.03111
4.34939,156.941,3.92882
4.35439,155.453,3.91015
4.35939,151.249,3.85691
4.36439,152.461,3.87233
4.36939,157.78,3.9393
4.37439,162.385,3.99637
4.37939,165.118,4.02986
4.38439,151.463,3.85963
4.38939,154.688,3.90052
4.39439,156.347,3.92137
4.39939,160.357,3.97134
4.40439,153.297,3.88293
4.40939,152.437,3.87203
4.41439,151.79,3.8638
4.41939,154.143,3.89363
4.42439,149.885,3.83948
4.42939,145.801,3.78681
4.43439,148.995,3.82807
4.43939,154.418,3.8971
4.44439,151.811,3.86407
4.44939,151.909,3.86531
4.45439,151.806,3.86401
4.45939,156.054,3.91769
4.46439,153.765,3.88886
4.46939,153.082,3.88022
4.47439,149.966,3.84052
4.47939,147.641,3.81063
4.48439,152.898,3.87788
4.48939,146.033,3.78982
4.49439,149.69,3.83698
4.49939,151.162,3.85579
4.50439,146.169,3.79158
4.50939,144.489,3.76973
4.51439,151.274,3.85723
4.51939,147.233,3.80536
4.52439,146.842,3.8003
4.52939,141.985,3.73693
4.53439,144.641,3.77171
4.53939,141.202,3.72661
4.54439,141.021,3.72421
4.54939,144.194,3.76588
4.55439,142.207,3.73985
4.55939,140.19,3.71322
4.56439,144.592,3.77108
4.56939,141.074,3.72492
4.57439,145.269,3.77989
4.57939,139.216,3.70031
4.58439,145.064,3.77722
4.58939,138.554,3.6915
4.59439,139.623,3.70572
4.59939,141.891,3.73568
4.60439,133.01,3.61689
4.60939,133.718,3.62651
4.61439,137.134,3.67254
4.61939,130.233,3.57894
4.62439,132.9,3.6154
4.62939,135.847,3.65526
4.63439,130.416,3.58144
4.63939,133.215,3.61968
4.64439,134.336,3.63488
4.64939,128.758,3.55861
4.65439,131.32,3.59384
4.65939,129.49,3.56871
4.66439,128.076,3.54917
4.66939,125.827,3.51787
4.67439,130.38,3.58095
4.67939,119.853,3.43335
4.68439,123.136,3.48004
4.68939,128.87,3.56015
4.69439,117.609,3.40106
4.69939,119.646,3.43039
4.70439,125.11,3.50784
4.70939,122.424,3.46997
4.71439,121.325,3.45436
4.71939,121.358,3.45483
4.72439,128.795,3.55912
4.72939,122.027,3.46435
4.73439,116.966,3.39174
4.73939,120.731,3.4459
4.74439,118.884,3.41944
4.74939,120.307,3.43984
4.75439,122.581,3.4722
4.75939,117.658,3.40177
4.76439,119.335,3.42592
4.76939,122.305,3.46829
4.77439,121.893,3.46244
4.77939,121.139,3.45172
4.78439,120.097,3.43684
4.78939,116.906,3.39088
4.79439,120.555,3.44338
4.79939,117.613,3.40111
4.80439,114.665,3.35822
4.80939,117.601,3.40093
4.81439,116.919,3.39107
4.81939,121.443,3.45605
4.82439,117.57,3.40049
4.82939,115.655,3.37269
4.83439,118.405,3.41254
4.83939,113.911,3.34715
4.84439,116.654,3.38722
4.84939,119.328,3.42582
4.85439,116.082,3.37891
4.85939,113.104,3.33528
4.86439,111.703,3.31456
4.86939,117.077,3.39336
4.87439,115.342,3.36811
4.87939,113.12,3.33552
4.88439,111.347,3.30927
4.88939,113.851,3.34628
4.89439,108.286,3.26347
4.89939,110.691,3.29951
4.90439,110.468,3.29618
4.90939,109.971,3.28876
4.91439,110.266,3.29317
4.91939,110.814,3.30135
4.92439,108.385,3.26496
4.92939,109.68,3.2844
4.93439,108.729,3.27014
4.93939,105.968,3.22835
4.94439,102.481,3.17479
4.94939,102.414,3.17376
4.95439,105.799,3.22578
4.95939,97.6599,3.09921
4.96439,101.923,3.16613
4.96939,108.528,3.26711
4.97439,102.542,3.17573
4.97939,106.429,3.23537
4.98439,100.108,3.13781
4.98939,99.945,3.13526
4.99439,108.56,3.26759
4.99939,104.793,3.21041
5.00439,98.9171,3.1191
5.00939,99.3117,3.12531
5.01439,97.6893,3.09968
5.01939,93.8287,3.03781
5.02439,99.3485,3.12589
5.02939,97.3637,3.09451
5.03439,94.9426,3.05579
5.03939,94.3704,3.04657
5.04439,98.7564,3.11656
5.04939,97.0433,3.08941
5.05439,103.265,3.1869
5.05939,93.6562,3.03502
5.06439,94.096,3.04214
5.06939,96.1051,3.07444
5.07439,95.6842,3.0677
5.07939,97.2404,3.09255
5.08439,90.2523,2.97935
5.08939,92.5321,3.01675
5.09439,91.3006,2.99661
5.09939,89.846,2.97264
5.10439,89.748,2.97102
5.10939,84.6528,2.88545
5.11439,87.3875,2.93169
5.11939,82.1649,2.84273
5.12439,91.281,2.99629
5.12939,90.7,2.98674
5.13439,90.0096,2.97535
5.13939,92.6425,3.01855
5.14439,88.7807,2.95497
5.14939,86.8845,2.92324
5.15439,90.7662,2.98783
5.15939,87.1995,2.92853
5.16439,82.4536,2.84773
5.16939,88.1771,2.9449
5.17439,88.8935,2.95684
5.17939,80.6036,2.8156
5.18439,83.9916,2.87416
5.18939,85.7931,2.90482
5.19439,84.3804,2.88081
5.19939,85.7933,2.90482
5.20439,87.6749,2.93651
5.20939,81.7998,2.83641
5.21439,82.1138,2.84185
5.21939,84.9467,2.89046
5.22439,81.7847,2.83615
5.22939,82.7376,2.85262
5.23439,79.3157,2.79301
5.23939,78.659,2.78142
5.24439,82.2014,2.84337
5.24939,77.5463,2.76168
5.25439,82.0818,2.8413
5.25939,84.3638,2.88052
5.26439,83.1465,2.85967
5.26939,81.6139,2.83319
5.27439,82.1207,2.84197
5.27939,78.3455,2.77588
5.28439,82.307,2.84519
5.28939,76.6087,2.74494
5.29439,76.409,2.74136
5.29939,78.6094,2.78055
5.30439,79.5313,2.79681
5.30939,79.221,2.79134
5.31439,78.4153,2.77711
5.31939,75.3594,2.72246
5.32439,75.7926,2.73028
5.32939,76.7772,2.74795
5.33439,78.5975,2.78034
5.33939,78.505,2.7787
5.34439,74.3192,2.70361
5.34939,73.9319,2.69655
5.35439,72.8209,2.67622
5.35939,76.1428,2.73658
5.36439,73.8879,2.69575
5.36939,72.6063,2.67227
5.37439,72.8159,2.67612
5.37939,70.5547,2.63424
5.38439,74.8536,2.71331
5.38939,72.0971,2.66288
5.39439,67.5951,2.5784
5.39939,69.3326,2.61133
5.40439,71.8124,2.65762
5.40939,71.5286,2.65236
5.41439,70.98,2.64217
5.41939,72.7794,2.67545
5.42439,71.1118,2.64462
5.42939,72.6893,2.6738
5.43439,70.7959,2.63874
5.43939,69.0862,2.60669
5.44439,68.3435,2.59264
5.44939,70.4045,2.63144
5.45439,70.9466,2.64155
5.45939,66.6341,2.56001
5.46439,66.7535,2.5623
5.46939,64.9591,2.52763
5.47439,67.2758,2.57231
5.47939,68.8296,2.60184
5.48439,67.3009,2.57279
5.48939,65.0464,2.52933
5.49439,66.6856,2.561
5.49939,66.4127,2.55575
5.50439,66.6048,2.55945
5.50939,64.8267,2.52505
5.51439,66.2441,2.55251
5.51939,62.1011,2.4714
5.52439,64.5219,2.51911
5.52939,61.0309,2.45001
5.53439,66.0383,2.54854
5.53939,64.0231,2.50935
5.54439,60.6447,2.44225
5.54939,64.8718,2.52593
5.55439,66.287,2.55333
5.55939,62.6395,2.48209
5.56439,64.8133,2.52479
5.56939,65.6212,2.54048
5.57439,60.7714,2.4448
5.57939,62.3209,2.47577
5.58439,65.5717,2.53952
5.58939,64.5211,2.51909
5.59439,63.0415,2.49004
5.59939,64.0058,2.50901
5.60439,56.3061,2.35327
5.60939,58.6071,2.40087
5.61439,56.3348,2.35386
5.61939,57.834,2.38498
5.62439,59.5582,2.42027
5.62939,60.4546,2.43842
5.63439,60.4993,2.43932
5.63939,62.9186,2.48761
5.64439,58.7923,2.40466
5.64939,58.2136,2.39279
5.65439,54.0086,2.30476
5.65939,53.9072,2.30259
5.66439,57.2357,2.37261
5.66939,56.2432,2.35195
5.67439,58.5064,2.3988
5.67939,58.2577,2.3937
5.68439,52.8148,2.27914
5.68939,55.2001,2.33004
5.69439,56.829,2.36417
5.69939,60.1304,2.43187
5.70439,60.6423,2.4422
5.70939,56.6187,2.35979
5.71439,55.5905,2.33826
5.71939,55.7101,2.34078
5.72439,56.3786,2.35478
5.72939,54.7954,2.32148
5.73439,54.5967,2.31727
5.73939,53.8658,2.3017
5.74439,53.0649,2.28453
5.74939,52.3564,2.26923
5.75439,53.0451,2.2841
5.75939,53.3905,2.29153
5.76439,55.5151,2.33668
5.76939,50.1837,2.22164
5.77439,51.0112,2.23989
5.77939,53.8559,2.30149
5.78439,50.5198,2.22907
5.78939,53.2826,2.28921
5.79439,53.6537,2.29717
5.79939,50.6716,2.23242
5.80439,50.4174,2.22681
5.80939,52.5199,2.27277
5.81439,50.477,2.22813
5.81939,45.5705,2.11707
5.82439,48.0421,2.17372
5.82939,51.0761,2.24131
5.83439,49.3738,2.20364
5.83939,47.1231,2.15283
5.84439,46.8472,2.14652
5.84939,46.8694,2.14703
5.85439,47.8482,2.16933
5.85939,45.5995,2.11774
5.86439,45.6138,2.11807
5.86939,48.0354,2.17357
5.87439,45.9252,2.12529
5.87939,45.8403,2.12333
5.88439,46.2669,2.13318
5.88939,46.6698,2.14245
5.89439,47.3776,2.15864
5.89939,48.6221,2.1868
5.90439,46.8783,2.14723
5.90939,47.6504,2.16484
5.91439,47.0037,2.1501
5.91939,48.2115,2.17755
5.92439,44.978,2.10326
5.92939,47.5392,2.16232
5.93439,42.9565,2.05545
5.93939,41.4543,2.01919
5.94439,45.869,2.12399
5.94939,44.9449,2.10249
5.95439,45.6228,2.11828
5.95939,45.8824,2.1243
5.96439,48.1565,2.17631
5.96939,45.9906,2.12681
5.97439,44.0275,2.08092
5.97939,42.7587,2.05072
5.98439,43.6477,2.07192
5.98939,44.2985,2.08731
5.99439,41.6954,2.02506
5.99939,44.0358,2.08111
6.00439,41.9315,2.03078
6.00939,41.4,2.01787
6.01439,45.7834,2.12201
6.01939,42.4202,2.04258
6.02439,40.4594,1.99482
6.02939,43.9699,2.07956
6.03439,39.4004,1.96854
6.03939,39.6901,1.97576
6.04439,42.1858,2.03693
6.04939,43.2331,2.06206
6.05439,43.6201,2.07127
6.05939,43.6036,2.07088
6.06439,41.39,2.01763
6.06939,36.7802,1.90195
6.07439,39.5248,1.97164
6.07939,41.8432,2.02864
6.08439,41.5288,2.02101
6.08939,40.6097,1.99852
6.09439,43.4692,2.06768
6.09939,39.4164,1.96894
6.10439,39.4466,1.96969
6.10939,37.1364,1.91114
6.11439,41.716,2.02556
6.11939,39.7659,1.97765
6.12439,38.5467,1.94709
6.12939,36.424,1.89272
6.13439,39.801,1.97852
6.13939,39.27,1.96528
6.14439,37.9364,1.93162
6.14939,38.9124,1.95631
6.15439,38.0602,1.93477
6.15939,37.7106,1.92586
6.16439,38.4568,1.94482
6.16939,36.7473,1.90111
6.17439,37.7033,1.92568
6.17939,35.769,1.87563
6.18439,41.2491,2.01419
6.18939,36.7816,1.90199
6.19439,37.2779,1.91478
6.19939,35.2165,1.86109
6.20439,36.5763,1.89668
6.20939,35.2853,1.8629
6.21439,34.7014,1.84742
6.21939,35.4198,1.86645
6.22439,36.81,1.90272
6.22939,38.2438,1.93943
6.23439,35.572,1.87046
6.23939,36.6914,1.89966
6.24439,32.9447,1.80006
6.24939,34.225,1.8347
6.25439,36.1094,1.88453
6.25939,38.211,1.9386
6.26439,36.5232,1.8953
6.26939,34.8002,1.85005
6.27439,34.871,1.85193
6.27939,34.2391,1.83508
6.28439,32.8387,1.79716
6.28939,35.5263,1.86925
6.29439,34.5528,1.84346
6.29939,32.7109,1.79366
6.30439,34.4742,1.84137
6.30939,34.2801,1.83617
6.31439,34.4113,1.83969
6.31939,33.1057,1.80445
6.32439,32.3305,1.7832
6.32939,31.6646,1.76474
6.33439,32.8035,1.79619
6.33939,33.8683,1.82511
6.34439,32.1964,1.7795
6.34939,33.6554,1.81937
6.35439,33.9027,1.82604
6.35939,32.3858,1.78472
6.36439,32.0279,1.77483
6.36939,30.4193,1.72969
6.37439,30.424,1.72982
6.37939,31.8493,1.76988
6.38439,30.9563,1.74489
6.38939,30.61,1.7351
6.39439,31.7677,1.76761
6.39939,30.5596,1.73367
6.40439,30.7912,1.74023
6.40939,30.457,1.73076
6.41439,30.9571,1.74491
6.41939,29.9705,1.71688
6.42439,27.1276,1.63342
6.42939,30.9832,1.74565
6.43439,29.5169,1.70384
6.43939,29.5587,1.70504
6.44439,30.8411,1.74164
6.44939,28.7462,1.68145
6.45439,28.0022,1.65955
6.45939,28.3864,1.67089
6.46439,31.8083,1.76874
6.46939,27.3368,1.63971
6.47439,31.5948,1.76279
6.47939,31.6274,1.7637
6.48439,28.7567,1.68175
6.48939,26.3529,1.60993
6.49439,26.5602,1.61625
6.49939,28.5913,1.67691
6.50439,28.3716,1.67046
6.50939,30.9094,1.74357
6.51439,27.6389,1.64875
6.51939,27.6787,1.64993
6.52439,28.9856,1.68843
6.52939,29.5102,1.70365
6.53439,27.2555,1.63727
6.53939,27.5482,1.64604
6.54439,26.0613,1.601
6.54939,26.548,1.61588
6.55439,26.0048,1.59926
6.55939,26.4064,1.61157
6.56439,28.6025,1.67724
6.56939,28.7713,1.68218
6.57439,29.3476,1.69895
6.57939,29.0606,1.69062
6.58439,27.5536,1.6462
6.58939,27.9921,1.65925
6.59439,24.0725,1.5387
6.59939,25.6112,1.58711
6.60439,26.3274,1.60915
6.60939,25.3399,1.57869
6.61439,26.3267,1.60913
6.61939,25.8247,1.59372
6.62439,24.1159,1.54009
6.62939,24.8065,1.56198
6.63439,26.8078,1.62377
6.63939,26.2663,1.60728
6.64439,25.2497,1.57587
6.64939,27.3826,1.64108
6.65439,24.8419,1.5631
6.65939,25.708,1.59011
6.66439,24.557,1.55411
6.66939,23.4088,1.51734
6.67439,23.6675,1.5257
6.67939,23.6509,1.52517
6.68439,26.0115,1.59947
6.68939,26.1783,1.60459
6.69439,24.6769,1.5579
6.69939,24.0662,1.5385
6.70439,22.6073,1.49114
6.70939,22.9537,1.50252
6.71439,24.0705,1.53864
6.71939,22.643,1.49231
6.72439,23.4756,1.5195
6.72939,24.5927,1.55524
6.73439,22.8301,1.49847
6.73939,23.3499,1.51543
6.74439,24.2631,1.54478
6.74939,23.3895,1.51671
6.75439,25.6096,1.58706
6.75939,24.3933,1.54892
6.76439,22.0604,1.47299
6.76939,23.0186,1.50464
6.77439,23.714,1.5272
6.77939,22.2358,1.47883
6.78439,21.2863,1.44692
6.78939,23.9975,1.5363
6.79439,24.936,1.56605
6.79939,22.3247,1.48179
6.80439,22.3854,1.4838
6.80939,21.4065,1.451
6.81439,20.3869,1.41602
6.81939,21.8547,1.46611
6.82439,20.4244,1.41732
6.82939,21.6825,1.46032
6.83439,20.2171,1.41011
6.83939,21.6361,1.45876
6.84439,21.4226,1.45154
6.84939,19.8032,1.3956
6.85439,20.463,1.41866
6.85939,20.7718,1.42932
6.86439,19.8958,1.39886
6.86939,18.9903,1.36665
6.87439,20.6015,1.42345
6.87939,21.2494,1.44566
6.88439,21.1526,1.44237
6.88939,21.8725,1.4667
6.89439,19.9625,1.4012
6.89939,18.3575,1.34369
6.90439,19.4628,1.38355
6.90939,19.6422,1.38992
6.91439,18.9102,1.36377
6.91939,20.5627,1.42211
6.92439,21.0465,1.43874
6.92939,17.5244,1.31285
6.93439,18.2488,1.33971
6.93939,19.0959,1.37045
6.94439,19.1681,1.37304
6.94939,21.8379,1.46554
6.95439,19.7626,1.39417
6.95939,18.5473,1.35062
6.96439,20.5378,1.42125
6.96939,22.1591,1.47628
6.97439,19.854,1.39739
6.97939,19.2205,1.37491
6.98439,17.5126,1.31241
6.98939,18.8574,1.36187
6.99439,17.4616,1.3105
6.99939,18.5818,1.35188
7.00439,19.03,1.36808
7.00939,17.8308,1.32428
7.01439,19.1262,1.37154
7.01939,18.2815,1.34091
7.02439,16.6927,1.28132
7.02939,18.8861,1.3629
7.03439,18.5914,1.35223
7.03939,17.9515,1.32875
7.04439,19.6815,1.3913
7.04939,17.6915,1.31909
7.05439,18.9389,1.3648
7.05939,19.6663,1.39077
7.06439,17.9801,1.32981
7.06939,17.0152,1.29363
7.07439,19.5342,1.38609
7.07939,18.2477,1.33967
7.08439,19.6293,1.38946
7.08939,17.289,1.304
7.09439,16.5365,1.27531
7.09939,18.2144,1.33845
7.10439,17.6441,1.31733
7.10939,16.902,1.28933
7.11439,18.6554,1.35455
7.11939,17.8043,1.32329
7.12439,17.202,1.30072
7.12939,17.0255,1.29403
7.13439,15.9846,1.25385
7.13939,18.0233,1.33141
7.14439,15.8035,1.24672
7.14939,15.9759,1.25351
7.15439,16.7909,1.28508
7.15939,17.3363,1.30579
7.16439,16.0947,1.25816
7.16939,15.5454,1.2365
7.17439,15.5986,1.23861
7.17939,16.1601,1.26071
7.18439,16.4681,1.27267
7.18939,14.7264,1.20349
7.19439,13.4564,1.15042
7.19939,16.4753,1.27294
7.20439,16.3916,1.26971
7.20939,15.2398,1.22428
7.21439,14.9732,1.21353
7.21939,17.7927,1.32286
7.22439,14.4637,1.19271
7.22939,14.7962,1.20634
7.23439,15.1671,1.22136
7.23939,15.6755,1.24166
7.24439,16.5745,1.27677
7.24939,17.0896,1.29646
7.25439,13.7545,1.1631
7.25939,14.6919,1.20208
7.26439,15.5936,1.23842
7.26939,14.6191,1.1991
7.27439,15.4246,1.23169
7.27939,13.9112,1.1697
7.28439,13.7418,1.16256
7.28939,14.8593,1.2089
7.29439,16.0813,1.25763
7.29939,14.2766,1.18497
7.30439,14.2042,1.18196
7.30939,14.2081,1.18212
7.31439,13.6014,1.1566
7.31939,13.4304,1.14931
7.32439,13.5205,1.15316
7.32939,12.7589,1.12021
7.33439,13.4728,1.15112
7.33939,13.7837,1.16433
7.34439,13.6906,1.16039
7.34939,14.4486,1.19208
7.35439,14.6599,1.20077
7.35939,13.8166,1.16572
7.36439,12.9158,1.12708
7.36939,13.4315,1.14936
7.37439,14.9238,1.21153
7.37939,13.2449,1.14135
7.38439,12.4254,1.10548
7.38939,12.9663,1.12928
7.39439,12.1408,1.09274
7.39939,12.8375,1.12366
7.40439,15.7049,1.24283
7.40939,14.2774,1.185
7.41439,10.0998,0.996667
7.41939,11.924,1.08294
7.42439,12.6505,1.11544
7.42939,13.4673,1.15089
7.43439,13.0585,1.13329
7.43939,14.0429,1.17523
7.44439,12.6863,1.11702
7.44939,12.6197,1.11409
7.45439,12.9662,1.12928
7.45939,13.3344,1.1452
7.46439,13.3521,1.14596
7.46939,12.3709,1.10304
7.47439,13.0999,1.13508
7.47939,13.1875,1.13887
7.48439,12.2021,1.09549
7.48939,11.9647,1.08478
7.49439,11.1116,1.0454
7.49939,12.0412,1.08825
7.50439,12.7898,1.12157
7.50939,12.477,1.10777
7.51439,11.0738,1.04362
7.51939,11.7287,1.07403
7.52439,11.0878,1.04428
7.52939,12.6195,1.11408
7.53439,12.4145,1.10499
7.53939,11.6147,1.0688
7.54439,13.0403,1.1325
7.54939,11.6687,1.07128
7.55439,11.8649,1.08025
7.55939,10.1354,0.998423
7.56439,11.1353,1.04651
7.56939,11.3637,1.05719
7.57439,11.6868,1.07211
7.57939,13.4452,1.14994
7.58439,12.133,1.09239
7.58939,11.046,1.04231
7.59439,11.7883,1.07676
7.59939,11.9056,1.0821
7.60439,10.6276,1.02238
7.60939,10.738,1.02768
7.61439,11.3728,1.05761
7.61939,11.0299,1.04155
7.62439,12.2741,1.09872
7.62939,10.496,1.01602
7.63439,11.4833,1.06274
7.63939,10.9303,1.03683
7.64439,11.3555,1.05681
7.64939,11.2007,1.04958
7.65439,10.9694,1.03869
7.65939,11.0846,1.04413
7.66439,10.2151,1.00234
7.66939,12.6854,1.11698
7.67439,10.5066,1.01654
7.67939,10.7326,1.02741
7.68439,11.0324,1.04167
7.68939,10.6129,1.02167
7.69439,11.1052,1.0451
7.69939,10.5568,1.01896
7.70439,11.7033,1.07287
7.70939,11.0777,1.0438
7.71439,9.74801,0.979154
7.71939,11.2059,1.04982
7.72439,11.0651,1.04321
7.72939,10.6563,1.02375
7.73439,11.3715,1.05755
7.73939,10.4129,1.012
7.74439,10.2431,1.00371
7.74939,9.0632,0.944135
7.75439,9.54274,0.96879
7.75939,9.02066,0.941916
7.76439,10.7371,1.02763
7.76939,10.6586,1.02387
7.77439,10.9726,1.03884
7.77939,10.3403,1.00846
7.78439,9.54569,0.96894
7.78939,9.32612,0.957732
7.79439,8.54661,0.916833
7.79939,9.28654,0.955697
7.80439,9.97637,0.990557
7.80939,10.6861,1.02519
7.81439,9.38538,0.960769
7.81939,10.4407,1.01335
7.82439,8.03957,0.889221
7.82939,8.97088,0.939314
7.83439,8.78372,0.929464
7.83939,8.44493,0.911363
7.84439,8.34288,0.905839
7.84939,8.75529,0.927958
7.85439,7.70679,0.870622
7.85939,8.7922,0.929912
7.86439,7.66045,0.868001
7.86939,9.32447,0.957646
7.87439,9.1837,0.950391
7.87939,9.82613,0.98307
7.88439,8.96315,0.938909
7.88939,8.9972,0.940691
7.89439,9.95593,0.989542
7.89939,9.52428,0.967853
7.90439,9.45818,0.964488
7.90939,9.50627,0.966937
7.91439,8.45665,0.911995
7.91939,9.68684,0.976078
7.92439,8.15474,0.895567
7.92939,8.16342,0.896044
7.93439,9.16737,0.949545
7.93939,9.38679,0.960841
7.94439,9.60827,0.972111
7.94939,10.0152,0.992482
7.95439,9.33383,0.958127
7.95939,8.86135,0.933562
7.96439,8.19406,0.897724
7.96939,9.55891,0.969611
7.97439,9.09497,0.945788
7.97939,7.57802,0.863318
7.98439,9.48369,0.965788
7.98939,8.85735,0.933351
7.99439,7.78125,0.874818
7.99939,8.12134,0.893731
8.00439,7.50845,0.859347
8.00939,8.17567,0.896716
8.01439,9.09937,0.946017
8.01939,8.62585,0.921073
8.02439,7.02592,0.831275
8.02939,7.19642,0.841301
8.03439,9.63872,0.97365
8.03939,8.60254,0.919828
8.04439,8.53277,0.91609
8.04939,8.67142,0.923503
8.05439,7.987,0.886308
8.05939,7.22596,0.843026
8.06439,7.70291,0.870403
8.06939,8.47458,0.912961
8.07439,9.01721,0.941736
8.07939,6.96743,0.827808
8.08439,8.11229,0.893233
8.08939,8.37128,0.90738
8.09439,8.38776,0.908273
8.09939,7.81137,0.87651
8.10439,7.97629,0.885714
8.10939,8.21547,0.898896
8.11439,8.2891,0.902915
8.11939,7.36588,0.851149
8.12439,7.61889,0.865643
8.12939,7.23312,0.843443
8.13439,8.07776,0.89133
8.13939,7.92704,0.882976
8.14439,7.04581,0.832451
8.14939,7.72286,0.87153
8.15439,7.33012,0.84908
8.15939,9.11087,0.946615
8.16439,7.4349,0.855127
8.16939,7.70995,0.870801
8.17439,6.68891,0.811093
8.17939,7.4307,0.854886
8.18439,7.32673,0.848884
8.18939,8.35885,0.906706
8.19439,7.33333,0.849266
8.19939,6.91518,0.824698
8.20439,7.88508,0.880635
8.20939,7.28718,0.84659
8.21439,5.84606,0.758272
8.21939,6.62066,0.806945
8.22439,6.61147,0.806385
8.22939,8.1226,0.893801
8.23439,7.14648,0.838377
8.23939,7.96894,0.885306
8.24439,7.01329,0.830528
8.24939,8.07659,0.891265
8.25439,7.02636,0.831301
8.25939,5.7246,0.750353
8.26439,6.81532,0.818722
8.26939,7.11668,0.836627
8.27439,6.47813,0.798211
8.27939,6.17788,0.779494
8.28439,7.2353,0.843571
8.28939,7.0102,0.830344
8.29439,6.67413,0.810197
8.29939,5.31147,0.722771
8.30439,6.31478,0.788084
8.30939,5.96011,0.765632
8.31439,5.79596,0.755015
8.31939,6.27216,0.78542
8.32439,6.18592,0.780001
8.32939,5.68707,0.747889
8.33439,6.80351,0.818012
8.33939,5.29233,0.721467
8.34439,5.83692,0.757678
8.34939,6.75586,0.815143
8.35439,6.71344,0.812579
8.35939,6.39828,0.793277
8.36439,5.70874,0.749313
8.36939,5.77652,0.753748
8.37439,5.63655,0.74456
8.37939,5.42227,0.73027
8.38439,5.97184,0.766386
8.38939,5.40844,0.729339
8.39439,5.78364,0.754213
8.39939,5.99519,0.767883
8.40439,6.84645,0.820589
8.40939,5.89505,0.761442
8.41439,6.75507,0.815095
8.41939,6.21219,0.781656
8.42439,4.61531,0.673742
8.42939,6.77483,0.816286
8.43439,5.77452,0.753618
8.43939,6.43949,0.795827
8.44439,5.98393,0.767161
8.44939,5.71612,0.749797
8.45439,5.70217,0.748882
8.45939,5.37038,0.726768
8.46439,5.21403,0.71611
8.46939,5.86054,0.75921
8.47439,6.79534,0.817521
8.47939,6.02908,0.770049
8.48439,5.32699,0.723826
8.48939,6.30207,0.78729
8.49439,6.25063,0.784071
8.49939,6.29139,0.786623
8.50439,6.33069,0.789076
8.50939,5.9921,0.767684
8.51439,5.47894,0.734077
8.51939,5.28096,0.720692
8.52439,5.43444,0.73109
8.52939,6.86046,0.821428
8.53439,5.9381,0.764217
8.53939,4.98639,0.700303
8.54439,5.2434,0.718124
8.54939,5.13423,0.710609
8.55439,5.22893,0.717133
8.55939,5.62686,0.74392
8.56439,5.38784,0.727948
8.56939,6.31322,0.787986
8.57439,5.62796,0.743993
8.57939,5.11641,0.709375
8.58439,5.38049,0.727452
8.58939,6.35494,0.790586
8.59439,6.40619,0.793767
8.59939,5.27219,0.720093
8.60439,5.29619,0.72173
8.60939,4.73136,0.68216
8.61439,4.09515,0.634641
8.61939,6.12649,0.776245
8.62439,4.83676,0.689716
8.62939,6.32235,0.788556
8.63439,5.15889,0.712313
8.63939,5.44585,0.731856
8.64439,4.72182,0.681471
8.64939,4.53049,0.667522
8.65439,3.70561,0.603703
8.65939,4.21416,0.643796
8.66439,4.93462,0.696659
8.66939,5.30007,0.721994
8.67439,4.1258,0.637011
8.67939,4.8765,0.692544
8.68439,4.44531,0.661217
8.68939,4.14544,0.638526
8.69439,5.54771,0.73867
8.69939,4.21087,0.643546
8.70439,3.76993,0.60892
8.70939,5.06851,0.706046
8.71439,4.569,0.670354
8.71939,4.43257,0.660269
8.72439,5.63977,0.744773
8.72939,5.13741,0.710829
8.73439,4.42991,0.660071
8.73939,3.82814,0.613602
8.74439,5.10872,0.708841
8.74939,3.0911,0.551378
8.75439,3.83327,0.614014
8.75939,4.36381,0.655128
8.76439,5.01273,0.702151
8.76939,6.04324,0.770954
8.77439,4.33571,0.653015
8.77939,3.62952,0.597472
8.78439,4.30507,0.650703
8.78939,5.43773,0.731311
8.79439,4.35475,0.654447
8.79939,4.82512,0.688886
8.80439,5.73768,0.75121
8.80939,5.60245,0.742304
8.81439,4.87573,0.692489
8.81939,4.48102,0.663868
8.82439,4.1231,0.636803
8.82939,4.63782,0.675383
8.83439,4.31167,0.651202
8.83939,5.37159,0.726849
8.84439,4.3909,0.657158
8.84939,4.48061,0.663837
8.85439,3.8774,0.617537
8.85939,4.6515,0.676378
8.86439,4.46848,0.662938
8.86939,4.26298,0.647515
8.87439,4.04845,0.631012
8.87939,4.06693,0.632451
8.88439,4.25896,0.647209
8.88939,3.03202,0.546084
8.89439,3.49369,0.586186
8.89939,4.12305,0.636799
8.90439,4.1483,0.638746
8.90939,3.45439,0.58288
8.91439,4.36548,0.655253
8.91939,3.57531,0.592994
8.92439,4.05072,0.631189
8.92939,3.82445,0.613307
8.93439,3.9952,0.626849
8.93939,3.88756,0.618346
8.94439,3.93331,0.621974
8.94939,3.77796,0.609567
8.95439,3.46464,0.583744
8.95939,3.73349,0.605969
8.96439,5.3256,0.723731
8.96939,3.43624,0.581346
8.97439,3.81329,0.612411
8.97939,4.57303,0.670649
8.98439,3.8649,0.616541
8.98939,3.82698,0.613509
8.99439,4.20061,0.64276
8.99939,4.13646,0.637834
9.00439,3.11543,0.553544
9.00939,4.58327,0.671399
9.01439,4.06849,0.632572
9.01939,3.30772,0.570371
9.02439,3.53277,0.589455
9.02939,3.22936,0.563574
9.03439,3.28799,0.568668
9.03939,3.17403,0.558726
9.04439,3.21488,0.562309
9.04939,3.60998,0.595862
9.05439,3.69316,0.602687
9.05939,3.76535,0.608549
9.06439,4.49673,0.665031
9.06939,3.36892,0.575624
9.07439,3.45292,0.582756
9.07939,4.02501,0.629182
9.08439,4.08101,0.633544
9.08939,3.36776,0.575524
9.09439,4.01042,0.628041
9.09939,3.33871,0.573036
9.10439,3.34484,0.573563
9.10939,2.57069,0.502826
9.11439,3.43285,0.581059
9.11939,3.66099,0.600057
9.12439,3.26812,0.566947
9.12939,4.10034,0.635043
9.13439,3.33784,0.572962
9.13939,3.3901,0.57743
9.14439,3.23273,0.563869
9.14939,4.14983,0.638864
9.15439,3.59856,0.594919
9.15939,3.74082,0.606564
9.16439,3.93213,0.621881
9.16939,4.07571,0.633133
9.17439,3.79621,0.611038
9.17939,3.48914,0.585804
9.18439,3.94656,0.623021
9.18939,3.51689,0.588129
9.19439,2.43464,0.48934
9.19939,3.4298,0.580801
9.20439,3.18638,0.559812
9.20939,4.36107,0.654922
9.21439,3.10131,0.552288
9.21939,2.99852,0.543059
9.22439,3.61831,0.596549
9.22939,3.66119,0.600073
9.23439,2.62499,0.508109
9.23939,2.55607,0.501394
9.24439,3.32976,0.572268
9.24939,2.57761,0.503503
9.25439,2.84494,0.528968
9.25939,2.67115,0.512557
9.26439,2.66128,0.51161
9.26939,2.98596,0.54192
9.27439,2.15162,0.460019
9.27939,2.87211,0.531488
9.28439,2.80671,0.525402
9.28939,2.93281,0.537075
9.29439,3.45015,0.582522
9.29939,4.25998,0.647287
9.30439,2.91805,0.535722
9.30939,2.69078,0.514437
9.31439,2.94042,0.537772
9.31939,2.92233,0.536115
9.32439,2.59325,0.505028
9.32939,2.54849,0.50065
9.33439,2.843,0.528788
9.33939,3.67321,0.601057
9.34439,2.90133,0.534185
9.34939,2.11106,0.455663
9.35439,3.20435,0.561388
9.35939,2.84266,0.528756
9.36439,3.19729,0.560769
9.36939,3.03905,0.546716
9.37439,2.93746,0.537501
9.37939,3.15556,0.557098
9.38439,3.10506,0.552622
9.38939,2.97914,0.541301
9.39439,2.89232,0.533355
9.39939,2.97864,0.541256
9.40439,2.75415,0.52046
9.40939,2.45275,0.491156
9.41439,2.7818,0.523065
9.41939,3.60477,0.595432
9.42439,2.76331,0.521325
9.42939,3.19256,0.560354
9.43439,3.09653,0.551862
9.43939,3.11388,0.553407
9.44439,3.26038,0.566275
9.44939,2.59706,0.505399
9.45439,2.36534,0.482326
9.45939,3.06771,0.549289
9.46439,2.16209,0.461138
9.46939,3.08913,0.551203
9.47439,2.91319,0.535275
9.47939,1.72471,0.411862
9.48439,2.12761,0.457446
9.48939,2.10193,0.454676
9.49439,2.26406,0.471886
9.49939,2.9851,0.541842
9.50439,2.21001,0.466219
9.50939,2.16318,0.461253
9.51439,2.56647,0.502414
9.51939,2.35051,0.480811
9.52439,2.81013,0.525722
9.52939,2.65105,0.510625
9.53439,2.4053,0.486383
9.53939,2.13917,0.458686
9.54439,2.53209,0.499037
9.54939,1.97162,0.440357
9.55439,2.70776,0.516058
9.55939,2.25732,0.471183
9.56439,2.31606,0.477275
9.56939,2.4864,0.494514
9.57439,2.62906,0.508503
9.57939,2.76308,0.521303
9.58439,2.89942,0.534009
9.58939,3.01887,0.544899
9.59439,2.9889,0.542186
9.59939,2.60663,0.506329
9.60439,2.60979,0.506636
9.60939,2.41089,0.486947
9.61439,2.3344,0.47916
9.61939,1.86561,0.428355
9.62439,2.32509,0.478204
9.62939,1.86158,0.427892
9.63439,2.00538,0.44411
9.63939,2.57328,0.503079
9.64439,3.11024,0.553083
9.64939,2.84687,0.529148
9.65439,2.63801,0.509367
9.65939,1.70474,0.40947
9.66439,2.21014,0.466233
9.66939,1.94638,0.437529
9.67439,2.09941,0.454403
9.67939,2.17437,0.462445
9.68439,2.03507,0.447387
9.68939,2.31983,0.477662
9.69439,2.37461,0.483269
9.69939,2.05618,0.449701
9.70439,2.06849,0.451045
9.70939,1.70606,0.409629
9.71439,2.43226,0.489101
9.71939,1.91507,0.433996
9.72439,2.36183,0.481967
9.72939,2.34041,0.479776
9.73439,2.31024,0.476674
9.73939,1.99683,0.443163
9.74439,1.56496,0.392323
9.74939,2.0974,0.454186
9.75439,2.11567,0.456159
9.75939,2.05545,0.449621
9.76439,1.49887,0.38395
9.76939,1.93441,0.436182
9.77439,1.66949,0.405215
9.77939,1.61707,0.398803
9.78439,1.82518,0.423688
9.78939,2.11951,0.456574
9.79439,2.03085,0.446922
9.79939,1.7304,0.41254
9.80439,1.99876,0.443377
9.80939,2.70254,0.51556
9.81439,2.47191,0.493071
9.81939,1.41774,0.373415
9.82439,1.378,0.368144
9.82939,2.35368,0.481134
9.83439,1.69445,0.408232
9.83939,1.41008,0.372405
9.84439,2.08306,0.452631
9.84939,1.83559,0.424894
9.85439,1.63911,0.401511
9.85939,1.33223,0.361979
9.86439,1.76173,0.416258
9.86939,2.29866,0.475478
9.87439,2.15202,0.460062
9.87939,1.9856,0.441915
9.88439,1.71816,0.411079
9.88939,2.04348,0.44831
9.89439,2.17606,0.462625
9.89939,2.04918,0.448934
9.90439,2.1712,0.462108
9.90939,2.17884,0.46292
9.91439,2.06037,0.450159
9.91939,2.3013,0.475751
9.92439,2.10118,0.454595
9.92939,1.27475,0.354083
9.93439,1.63008,0.400403
9.93939,2.03787,0.447695
9.94439,2.52892,0.498724
9.94939,1.48546,0.38223
9.95439,2.02762,0.446567
9.95939,2.0859,0.452939
9.96439,1.26782,0.35312
9.96939,1.5141,0.385896
9.97439,1.20174,0.343794
9.97939,1.90832,0.43323
9.98439,1.16992,0.339213
9.98939,1.41001,0.372395
9.99439,2.64578,0.510117
9.99939,2.2353,0.468879
10.0044,1.60697,0.397555
10.0094,1.7986,0.420592
10.0144,1.77205,0.417476
10.0194,1.90165,0.432472
10.0244,2.13633,0.458382
10.0294,2.37577,0.483388
10.0344,1.9141,0.433886
10.0394,1.84473,0.425951
10.0444,2.1115,0.45571
10.0494,2.07531,0.451788
10.0544,1.93189,0.435897
10.0594,2.00543,0.444117
10.0644,1.49434,0.383369
10.0694,0.966165,0.308261
10.0744,1.42486,0.374351
10.0794,1.76644,0.416815
10.0844,1.81767,0.422816
10.0894,1.79765,0.42048
10.0944,1.94266,0.437111
10.0994,2.02302,0.44606
10.1044,1.77458,0.417773
10.1094,1.71986,0.411283
10.1144,1.89331,0.431523
10.1194,1.17901,0.340527
10.1244,1.91982,0.434533
10.1294,1.70565,0.40958
10.1344,1.18914,0.341987
10.1394,1.29648,0.357089
10.1444,1.6578,0.403794
10.1494,1.3378,0.362735
10.1544,1.55489,0.39106
10.1594,1.36841,0.366861
10.1644,1.87974,0.429974
10.1694,1.21721,0.346
10.1744,1.64976,0.402813
10.1794,1.41206,0.372666
10.1844,1.81427,0.422419
10.1894,1.31978,0.360283
10.1944,1.45141,0.377823
10.1994,1.93747,0.436527
10.2044,1.55314,0.390839
10.2094,2.00682,0.444271
10.2144,1.66703,0.404916
10.2194,1.55363,0.390901
10.2244,1.1994,0.343459
10.2294,1.47236,0.38054
10.2344,1.02488,0.317489
10.2394,1.21026,0.34501
10.2444,1.61797,0.398913
10.2494,1.85588,0.427237
10.2544,1.31036,0.358995
10.2594,0.944875,0.304846
10.2644,1.2664,0.352922
10.2694,1.9265,0.435289
10.2744,1.99018,0.442424
10.2794,1.05718,0.322454
10.2844,1.13169,0.333624
10.2894,1.43161,0.375237
10.2944,1.58224,0.394484
10.2994,1.7263,0.412051
10.3044,1.57597,0.393701
10.3094,1.02022,0.316767
10.3144,1.05368,0.32192
10.3194,1.93963,0.43677
10.3244,1.89804,0.432062
10.3294,1.48135,0.3817
10.3344,1.17101,0.339369
10.3394,1.20733,0.344592
10.3444,1.34213,0.363321
10.3494,0.709602,0.26418
10.3544,1.21981,0.346369
10.3594,1.38418,0.368969
10.3644,1.21391,0.34553
10.3694,1.19754,0.343192
10.3744,1.15933,0.337673
10.3794,1.31761,0.359987
10.3844,1.4424,0.376649
10.3894,1.06856,0.324184
10.3944,1.07158,0.324642
10.3994,1.25135,0.350819
10.4044,1.76473,0.416613
10.4094,1.11984,0.331872
10.4144,1.40268,0.371426
10.4194,1.29403,0.356751
10.4244,1.52903,0.387794
10.4294,1.78264,0.418721
10.4344,1.25241,0.350967
10.4394,0.904534,0.298267
10.4444,0.870384,0.292583
10.4494,0.810298,0.282303
10.4544,1.0679,0.324084
10.4594,1.23163,0.348043
10.4644,1.3092,0.358836
10.4694,1.49923,0.383997
10.4744,1.02468,0.317459
10.4794,1.08312,0.326386
10.4844,0.714213,0.265037
10.4894,1.29128,0.356372
10.4944,1.46443,0.379514
10.4994,1.21404,0.345549
10.5044,1.18007,0.340681
10.5094,1.12,0.331896
10.5144,0.988996,0.311882
10.5194,1.12824,0.333115
10.5244,0.89476,0.296651
10.5294,0.848386,0.288862
10.5344,1.18253,0.341035
10.5394,0.959433,0.307185
10.5444,1.14279,0.335256
10.5494,0.994113,0.312688
10.5544,0.54062,0.230589
10.5594,0.750625,0.271709
10.5644,1.20423,0.34415
10.5694,1.18231,0.341004
10.5744,1.36255,0.366075
10.5794,1.65555,0.403519
10.5844,1.29243,0.35653
10.5894,1.21201,0.34526
10.5944,0.973053,0.309358
10.5994,1.63718,0.401274
10.6044,1.27778,0.354505
10.6094,1.05955,0.322815
10.6144,0.945947,0.305019
10.6194,0.953044,0.306161
10.6244,1.11855,0.331681
10.6294,0.925583,0.301718
10.6344,1.6236,0.399607
10.6394,1.00867,0.31497
10.6444,0.893818,0.296495
10.6494,0.839191,0.287292
10.6544,1.57022,0.392983
10.6594,1.01595,0.316103
10.6644,1.6257,0.399865
10.6694,1.62018,0.399186
10.6744,0.963345,0.307811
10.6794,1.16508,0.338509
10.6844,1.26566,0.352818
10.6894,1.0345,0.318976
10.6944,1.18383,0.341223
10.6994,1.03193,0.31858
10.7044,0.997786,0.313265
10.7094,0.754251,0.272365
10.7144,0.973946,0.3095
10.7194,1.23286,0.348217
10.7244,1.1581,0.337494
10.7294,1.27922,0.354704
10.7344,0.781814,0.277297
10.7394,0.812101,0.282617
10.7444,1.36465,0.366357
10.7494,1.42024,0.373743
10.7544,1.5395,0.38912
10.7594,1.42415,0.374258
10.7644,0.75766,0.27298
10.7694,0.70023,0.26243
10.7744,0.845528,0.288375
10.7794,1.2709,0.353548
10.7844,0.968076,0.308566
10.7894,0.991393,0.31226
10.7944,0.882287,0.294577
10.7994,1.2145,0.345615
10.8044,1.31091,0.359071
10.8094,0.504206,0.222688
10.8144,0.879756,0.294154
10.8194,0.751288,0.271829
10.8244,0.527072,0.227682
10.8294,1.31282,0.359331
10.8344,1.07778,0.32558
10.8394,0.781652,0.277268
10.8444,0.641329,0.25115
10.8494,0.824665,0.284795
10.8544,0.772251,0.275596
10.8594,1.29709,0.357173
10.8644,0.496769,0.22104
10.8694,0.81779,0.283605
10.8744,1.1057,0.32977
10.8794,1.20972,0.344933
10.8844,1.04071,0.319933
10.8894,0.731118,0.268156
10.8944,0.805403,0.281449
10.8994,0.739181,0.26963
10.9044,0.886294,0.295245
10.9094,0.38662,0.195
10.9144,1.45286,0.378011
10.9194,1.36676,0.366639
10.9244,0.768338,0.274897
10.9294,1.11676,0.331416
10.9344,1.53251,0.388235
10.9394,1.17228,0.339554
10.9444,0.963238,0.307794
10.9494,1.18846,0.341889
10.9544,0.894893,0.296673
10.9594,1.04965,0.321304
10.9644,0.586372,0.240148
10.9694,0.96838,0.308614
10.9744,1.08129,0.32611
10.9794,0.926142,0.301809
10.9844,0.993483,0.312589
10.9894,0.555595,0.233761
10.9944,0.308041,0.174059
10.9994,0.398484,0.19797
11.0044,0.875154,0.293383
11.0094,0.945503,0.304947
11.0144,1.05357,0.321902
11.0194,1.11346,0.330926
11.0244,0.617666,0.246473
11.0294,0.864398,0.291575
11.0344,0.792785,0.279236
11.0394,0.76769,0.274781
11.0444,0.994666,0.312775
11.0494,0.441853,0.208464
11.0544,0.515368,0.22514
11.0594,0.762723,0.27389
11.0644,0.661249,0.255021
11.0694,0.926928,0.301937
11.0744,0.680815,0.258766
11.0794,0.464664,0.213778
11.0844,0.598253,0.242569
11.0894,0.474074,0.215932
11.0944,0.626515,0.248233
11.0994,0.798295,0.280204
11.1044,0.635729,0.250051
11.1094,0.87756,0.293786
11.1144,0.654697,0.253754
11.1194,0.486278,0.218693
11.1244,0.460388,0.212792
11.1294,0.781329,0.277211
11.1344,0.953111,0.306172
11.1394,0.742465,0.270228
11.1444,0.656904,0.254182
11.1494,0.683011,0.259183
11.1544,0.492695,0.220132
11.1594,0.592516,0.241403
11.1644,1.08125,0.326103
11.1694,0.840773,0.287563
11.1744,0.688367,0.260197
11.1794,0.487988,0.219077
11.1844,0.831411,0.285957
11.1894,0.856623,0.290261
11.1944,0.678744,0.258372
11.1994,0.66663,0.256056
11.2044,0.557422,0.234145
11.2094,0.611923,0.245325
11.2144,0.673771,0.257424
11.2194,0.699257,0.262248
11.2244,0.999807,0.313582
11.2294,0.610618,0.245063
11.2344,1.03642,0.319272
11.2394,0.696888,0.261803
11.2444,0.666852,0.256099
11.2494,0.840549,0.287524
11.2544,0.761706,0.273708
11.2594,0.711716,0.264574
11.2644,0.593637,0.241632
11.2694,0.624355,0.247804
11.2744,0.613428,0.245626
11.2794,0.505477,0.222969
11.2844,0.649795,0.252803
11.2894,0.512753,0.224568
11.2944,0.633486,0.24961
11.2994,0.369141,0.190541
11.3044,0.706697,0.263639
11.3094,1.04583,0.320719
11.3144,0.441304,0.208335
11.3194,0.464694,0.213785
11.3244,0.625774,0.248086
11.3294,0.769004,0.275016
11.3344,0.730766,0.268091
11.3394,0.466831,0.214276
11.3444,0.651899,0.253211
11.3494,0.297478,0.171049
11.3544,0.595861,0.242084
11.3594,0.730443,0.268032
11.3644,0.637937,0.250485
11.3694,0.561403,0.23498
11.3744,0.592818,0.241465
11.3794,0.540849,0.230638
11.3844,0.666506,0.256033
11.3894,1.02364,0.317297
11.3944,0.77478,0.276047
11.3994,0.389943,0.195836
11.4044,0.635389,0.249985
11.4094,1.15715,0.337356
11.4144,0.744263,0.270556
11.4194,0.762662,0.273879
11.4244,0.384748,0.194528
11.4294,0.388531,0.195482
11.4344,0.359031,0.187914
11.4394,0.429409,0.205508
11.4444,0.475565,0.216271
11.4494,0.784916,0.277846
11.4544,0.404351,0.199422
11.4594,0.41246,0.201411
11.4644,0.50853,0.223641
11.4694,0.459887,0.212676
11.4744,0.476124,0.216398
11.4794,0.780725,0.277104
11.4844,0.868465,0.29226
11.4894,0.741036,0.269968
11.4944,0.908109,0.298856
11.4994,0.432939,0.206351
11.5044,0.390252,0.195914
11.5094,0.492275,0.220038
11.5144,0.544717,0.231462
11.5194,0.519216,0.225978
11.5244,0.441779,0.208447
11.5294,0.183367,0.134293
11.5344,0.698796,0.262161
11.5394,0.471926,0.215442
11.5444,0.509032,0.223751
11.5494,0.471785,0.21541
11.5544,0.683787,0.25933
11.5594,0.362043,0.188701
11.5644,0.473587,0.215821
11.5694,0.294828,0.170285
11.5744,0.417881,0.202731
11.5794,0.224882,0.14872
11.5844,0.468508,0.21466
11.5894,0.289171,0.168644
11.5944,0.323499,0.178373
11.5994,0.428911,0.205389
11.6044,0.284716,0.16734
11.6094,0.316459,0.176422
11.6144,0.208339,0.143146
11.6194,0.278625,0.16554
11.6244,0.430327,0.205728
11.6294,0.847837,0.288768
11.6344,0.334609,0.18141
11.6394,0.398365,0.19794
11.6444,0.458845,0.212435
11.6494,0.883328,0.29475
11.6544,0.416488,0.202392
11.6594,0.560121,0.234711
11.6644,0.845937,0.288444
11.6694,0.599331,0.242788
11.6744,0.534638,0.22931
11.6794,0.342951,0.183658
11.6844,0.562799,0.235272
11.6894,0.965032,0.30808
11.6944,0.526847,0.227633
11.6994,0.308889,0.174299
11.7044,0.461434,0.213034
11.7094,0.521354,0.226443
11.7144,0.576356,0.238089
11.7194,0.453755,0.211254
11.7244,0.573649,0.237529
11.7294,0.499904,0.221736
11.7344,0.550161,0.232615
11.7394,0.528439,0.227977
11.7444,0.479891,0.217252
11.7494,0.508957,0.223735
11.7544,0.186259,0.135348
11.7594,0.24899,0.156489
11.7644,0.519155,0.225965
11.7694,0.236145,0.152399
11.7744,0.365496,0.189598
11.7794,0.262336,0.160628
11.7844,0.647046,0.252267
11.7894,0.461814,0.213121
11.7944,0.638004,0.250498
11.7994,0.615001,0.245941
11.8044,0.729234,0.26781
11.8094,0.383661,0.194253
11.8144,0.338882,0.182565
11.8194,0.71274,0.264764
11.8244,0.464596,0.213762
11.8294,0.487445,0.218956
11.8344,0.653433,0.253509
11.8394,0.22478,0.148687
11.8444,0.361904,0.188664
11.8494,0.379902,0.193299
11.8544,0.254633,0.158252
11.8594,0.130333,0.113219
11.8644,0.16959,0.12915
11.8694,0.331281,0.180506
11.8744,0.402967,0.19908
11.8794,0.43492,0.206823
11.8844,0.186194,0.135324
11.8894,0.306432,0.173604
11.8944,0.662306,0.255225
11.8994,0.499414,0.221628
11.9044,0.491116,0.219778
11.9094,0.3549,0.18683
11.9144,0.315978,0.176288
11.9194,0.444995,0.209204
11.9244,0.693922,0.261245
11.9294,0.465319,0.213928
11.9344,0.166954,0.128142
11.9394,0.315961,0.176283
11.9444,0.3341,0.181272
11.9494,0.249944,0.156789
11.9544,0.481614,0.217642
11.9594,0.506938,0.223291
11.9644,0.1948,0.138417
11.9694,0.192614,0.137638
11.9744,0.248115,0.156214
11.9794,0.301421,0.172179
11.9844,0.270432,0.163088
11.9894,0.306303,0.173568
11.9944,0.471556,0.215357
11.9994,0.447647,0.209827
12.0044,0.41322,0.201597
12.0094,0.5108,0.22414
12.0144,0.228704,0.149979
12.0194,0.663648,0.255483
12.0244,0.550454,0.232677
12.0294,0.411945,0.201286
12.0344,0.506284,0.223147
12.0394,0.280825,0.166192
12.0444,0.474084,0.215934
12.0494,0.32446,0.178638
12.0544,0.33717,0.182103
12.0594,0.286348,0.167819
12.0644,0.493728,0.220362
12.0694,0.507756,0.223471
12.0744,0.586548,0.240185
12.0794,0.505011,0.222866
12.0844,0.442232,0.208554
12.0894,0.330469,0.180285
12.0944,0.521774,0.226535
12.0994,0.567139,0.236177
12.1044,0.369324,0.190589
12.1094,0.12195,0.109518
12.1144,0.275925,0.164736
12.1194,0.411623,0.201207
12.1244,0.465224,0.213907
12.1294,0.593374,0.241578
12.1344,0.248075,0.156201
12.1394,0.320611,0.177575
12.1444,0.373018,0.191539
12.1494,0.106507,0.102349
12.1544,0.617449,0.24643
12.1594,0.317488,0.176708
12.1644,0.284171,0.16718
12.1694,0.284785,0.16736
12.1744,0.275777,0.164692
12.1794,0.245645,0.155434
12.1844,0.295435,0.170461
12.1894,0.543191,0.231137
12.1944,0.430451,0.205757
12.1994,0.325312,0.178872
12.2044,0.286669,0.167913
12.2094,0.126059,0.111348
12.2144,0.333886,0.181214
12.2194,0.411491,0.201175
12.2244,0.27424,0.164232
12.2294,0.17472,0.131088
12.2344,0.205702,0.142237
12.2394,0.0429713,0.0650104
12.2444,0.234432,0.151845
12.2494,0.253991,0.158053
12.2544,0.370538,0.190902
12.2594,0.193039,0.137789
12.2644,0.576382,0.238094
12.2694,0.308613,0.174221
12.2744,0.638917,0.250678
12.2794,0.397769,0.197792
12.2844,0.328234,0.179674
12.2894,0.207472,0.142847
12.2944,0.188088,0.136011
12.2994,0.234766,0.151954
12.3044,0.282559,0.166705
12.3094,0.440248,0.208085
12.3144,0.261058,0.160236
12.3194,0.290073,0.168907
12.3244,0.218263,0.146515
12.3294,0.146669,0.120105
12.3344,0.0904462,0.0943167
12.3394,0.108863,0.103475
12.3444,0.241959,0.154264
12.3494,0.162192,0.126301
12.3544,0.108697,0.103396
12.3594,0.220734,0.147343
12.3644,0.243307,0.154693
12.3694,0.185405,0.135037
12.3744,0.250128,0.156846
12.3794,0.241123,0.153997
12.3844,0.351501,0.185933
12.3894,0.351942,0.18605
12.3944,0.445285,0.209273
12.3994,0.435337,0.206922
12.4044,0.550202,0.232624
12.4094,0.245616,0.155425
12.4144,0.193827,0.13807
12.4194,0.163471,0.126798
12.4244,0.458864,0.212439
12.4294,0.315929,0.176274
12.4344,0.326952,0.179323
12.4394,0.180604,0.133278
12.4444,0.162023,0.126235
12.4494,0.186393,0.135397
12.4544,0.212765,0.144658
12.4594,0.380409,0.193428
12.4644,0.162522,0.12643
12.4694,0.171023,0.129694
12.4744,0.278723,0.165569
12.4794,0.193586,0.137984
12.4844,0.240413,0.15377
12.4894,0,0
12.4944,0.0853001,0.0915942
12.4994,0.173924,0.13079
12.5044,0.327295,0.179417
12.5094,0.260523,0.160072
12.5144,0.374871,0.192014
12.5194,0.598476,0.242614
12.5244,0.205599,0.142201
12.5294,0.0441354,0.065885
12.5344,0.215006,0.145418
12.5394,0.272041,0.163572
12.5444,0,0
12.5494,0,0
12.5544,0.066195,0.0806874
12.5594,0.274483,0.164305
12.5644,0.270135,0.162998
12.5694,0.287255,0.168084
12.5744,0.214924,0.14539
12.5794,0.25899,0.159601
12.5844,0.215059,0.145436
12.5894,0.262674,0.160732
12.5944,0.201866,0.140904
12.5994,0.286185,0.167771
12.6044,0.300899,0.17203
12.6094,0.24558,0.155414
12.6144,0.38274,0.194019
12.6194,0.460203,0.212749
12.6244,0.215437,0.145564
12.6294,0.0861618,0.0920557
12.6344,0.0899826,0.0940746
12.6394,0.2506,0.156994
12.6444,0.319196,0.177183
12.6494,0.323381,0.178341
12.6544,0.244909,0.155201
12.6594,0.162206,0.126307
12.6644,0.114403,0.106075
12.6694,0.170991,0.129682
12.6744,0.0415827,0.0639513
12.6794,0.155123,0.123518
12.6844,0.00127421,0.0111948
12.6894,0.148672,0.120923
12.6944,0.105227,0.101732
12.6994,0.189066,0.136364
12.7044,0.3362,0.181841
12.7094,0.353445,0.186446
12.7144,0.161576,0.126061
12.7194,0.190758,0.136973
12.7244,0.284131,0.167168
12.7294,0,0
12.7344,0.100579,0.0994594
12.7394,0.306684,0.173676
12.7444,0.387233,0.195155
12.7494,0.157099,0.124303
12.7544,0.16149,0.126028
12.7594,0.14257,0.118415
12.7644,0.13273,0.114255
12.7694,0.238306,0.153095
12.7744,0.231287,0.150823
12.7794,0.154605,0.123312
12.7844,0.0782032,0.0877012
12.7894,0.102903,0.100602
12.7944,0.166776,0.128074
12.7994,0.0464728,0.0676071
12.8044,0.331618,0.180598
12.8094,0.152325,0.122399
12.8144,0.161889,0.126183
12.8194,0.150216,0.121549
12.8244,0.0743881,0.0855352
12.8294,0.142134,0.118234
12.8344,0.0318384,0.0559588
12.8394,0.141114,0.117809
12.8444,0.179461,0.132855
12.8494,0.26113,0.160259
12.8544,0.214046,0.145093
12.8594,0.161256,0.125936
12.8644,0.161619,0.126078
12.8694,0.161619,0.126078
12.8744,0.222714,0.148002
12.8794,0.196209,0.138916
12.8844,0.148099,0.120689
12.8894,0.443788,0.20892
12.8944,0.289424,0.168718
12.8994,0.220277,0.14719
12.9044,0.346696,0.184658
12.9094,0.142815,0.118517
12.9144,0.214297,0.145178
12.9194,0.0271351,0.0516605
12.9244,0.0770126,0.087031
12.9294,0.351115,0.185831
12.9344,0.110659,0.104325
12.9394,0.137447,0.116268
12.9444,0.0257564,0.050331
12.9494,0.121092,0.109132
12.9544,0.105238,0.101737
12.9594,0.346015,0.184476
12.9644,0.33325,0.181042
12.9694,0.216868,0.146046
12.9744,0.165806,0.127701
12.9794,0.267363,0.16216
12.9844,0.0222786,0.0468098
12.9894,0.0805633,0.0890147
12.9944,0.0258155,0.0503887
12.9994,0.205282,0.142092
13.0044,0.0639609,0.0793141
13.0094,0.048233,0.0688756
13.0144,0.333497,0.181109
13.0194,0.116627,0.107101
13.0244,0.178176,0.132379
13.0294,0.178546,0.132516
13.0344,0.132144,0.114003
13.0394,0.265612,0.161628
13.0444,0.355217,0.186913
13.0494,0.381561,0.19372
13.0544,0.1474,0.120404
13.0594,0.12842,0.112385
13.0644,0.212925,0.144713
13.0694,0.214309,0.145182
13.0744,0.153108,0.122713
13.0794,0.191528,0.137249
13.0844,0.011631,0.0338222
13.0894,0,0
13.0944,0.0243122,0.0488996
13.0994,0.0975808,0.097966
13.1044,0.207477,0.142849
13.1094,0.141093,0.1178
13.1144,0.126223,0.11142
13.1194,0.120489,0.10886
13.1244,0.0696465,0.0827643
13.1294,0.18944,0.136499
13.1344,0.230297,0.1505
13.1394,0.0881845,0.0931299
13.1444,0.136374,0.115813
13.1494,0.218033,0.146438
13.1544,0.0993304,0.0988404
13.1594,0.120222,0.108739
13.1644,0,0
13.1694,0.0118744,0.0341742
13.1744,0.0879644,0.0930136
13.1794,0.116507,0.107046
13.1844,0.177065,0.131965
13.1894,0,0
13.1944,0.0906161,0.0944052
13.1994,0.177501,0.132128
13.2044,0.383311,0.194164
13.2094,0.233746,0.151623
13.2144,0.0613448,0.0776751
13.2194,0.323648,0.178414
13.2244,0.169905,0.12927
13.2294,0.115079,0.106388
13.2344,0.222056,0.147783
13.2394,0.161399,0.125992
13.2444,0.1268,0.111674
13.2494,0.0204622,0.0448611
13.2544,0.0778905,0.0875257
13.2594,0,0
13.2644,0.0727497,0.084588
13.2694,0.0815389,0.0895521
13.2744,0.134778,0.115134
13.2794,0.0903145,0.094248
13.2844,0.118249,0.107843
13.2894,0.0816327,0.0896035
13.2944,0.0253347,0.0499173
13.2994,0.0877143,0.0928813
13.3044,0.0788848,0.0880825
13.3094,0.131971,0.113929
13.3144,0.0803592,0.0889019
13.3194,0.0419037,0.0641977
13.3244,0.164969,0.127378
13.3294,0.11649,0.107038
13.3344,0.162134,0.126279
13.3394,0.161103,0.125877
13.3444,0.16231,0.126347
13.3494,0.0762651,0.0866076
13.3544,0.049875,0.0700381
13.3594,0.186361,0.135385
13.3644,0.187655,0.135854
13.3694,0.170207,0.129385
13.3744,0.102327,0.10032
13.3794,0.127808,0.112117
13.3844,0.291914,0.169442
13.3894,0.0855334,0.0917194
13.3944,0.141106,0.117806
13.3994,0.161361,0.125977
13.4044,0.162093,0.126263
13.4094,0.112362,0.105124
13.4144,0.167459,0.128336
13.4194,0.302906,0.172603
13.4244,0.111497,0.104719
13.4294,0,0
13.4344,0.0808495,0.0891727
13.4394,0.119928,0.108606
13.4444,0.0791877,0.0882515
13.4494,0.0286666,0.0530983
13.4544,0.0847792,0.0913141
13.4594,0,0
13.4644,0.0644849,0.0796383
13.4694,0.161619,0.126078
13.4744,0.0880156,0.0930407
13.4794,0.128725,0.112519
13.4844,0.0765414,0.0867643
13.4894,0.0707307,0.083406
13.4944,0.0443521,0.0660466
13.4994,0.0798695,0.0886306
13.5044,0.0724838,0.0844333
13.5094,0.039876,0.0626251
13.5144,0.0584768,0.0758376
13.5194,0.0719399,0.0841159
13.5244,0.205079,0.142022
13.5294,0.554359,0.233501
13.5344,0.250502,0.156964
13.5394,0,0
13.5444,0.0932108,0.0957473
13.5494,0.112184,0.105041
13.5544,0.0848427,0.0913483
13.5594,0.0744343,0.0855618
13.5644,0.0287393,0.0531657
13.5694,0,0
13.5744,0.0301594,0.0544634
13.5794,0.166546,0.127985
13.5844,0.0243066,0.0488939
13.5894,0.13356,0.114612
13.5944,0.0747157,0.0857233
13.5994,0.0840784,0.0909359
13.6044,0.131468,0.113711
13.6094,0.0436347,0.0655102
13.6144,0.019997,0.0443481
13.6194,0.137138,0.116137
13.6244,0.133384,0.114537
13.6294,0.0741613,0.0854047
13.6344,0.0287309,0.0531579
13.6394,0.0260492,0.0506163
13.6444,0.0723035,0.0843282
13.6494,0,0
13.6544,0.0239443,0.0485282
13.6594,0.134282,0.114922
13.6644,0.040845,0.0633815
13.6694,0.0770119,0.0870306
13.6744,0.131137,0.113568
13.6794,0.115734,0.10669
13.6844,0.0868817,0.0924395
13.6894,0.12894,0.112613
13.6944,0.0480449,0.0687411
13.6994,0,0
13.7044,0.0928816,0.095578
13.7094,0.103824,0.101051
13.7144,0,0
13.7194,0,0
13.7244,0,0
13.7294,0,0
13.7344,0,0
13.7394,0,0
13.7444,0.0668158,0.0810649
13.7494,0.130243,0.11318
13.7544,0.0947527,0.0965359
13.7594,0.1016,0.0999629
13.7644,0,0
13.7694,0.0180396,0.0421217
13.7744,0.0803132,0.0888764
13.7794,0,0
13.7844,0.0810359,0.0892754
13.7894,0.120456,0.108845
13.7944,0.079995,0.0887002
13.7994,0.0876991,0.0928733
13.8044,0.122577,0.109799
13.8094,0,0
13.8144,0.0558256,0.0740986
13.8194,0.0425271,0.0646734
13.8244,0,0
13.8294,0,0
13.8344,0,0
13.8394,0.0180254,0.0421051
13.8444,0.0803273,0.0888843
13.8494,0,0
13.8544,0.0158799,0.03952
13.8594,0.0824728,0.0900635
13.8644,0,0
13.8694,0,0
13.8744,0,0
13.8794,0,0
13.8844,0.0561924,0.0743416
13.8894,0.0752245,0.0860147
13.8944,0.140844,0.117696
13.8994,0.0227977,0.047352
13.9044,0,0
13.9094,0.0707986,0.083446
13.9144,0.0275541,0.0520579
13.9194,0,0
13.9244,0.0825226,0.0900907
13.9294,0.114183,0.105973
13.9344,0,0
13.9394,0,0
13.9444,0.0375843,0.060799
13.9494,0.0607684,0.0773093
13.9544,0.0135892,0.0365586
13.9594,0.117991,0.107725
13.9644,0.161619,0.126078
13.9694,0.100213,0.0992783
13.9744,0,0
13.9794,0.0907688,0.0944847
13.9844,0.105937,0.102074
13.9894,0,0
13.9944,0.0669534,0.0811483
13.9994,0.0313993,0.0555717
14.0044,0,0
14.0094,0.075769,0.0863254
14.0144,0.120936,0.109062
14.0194,0,0
14.0244,0.0119389,0.0342669
14.0294,0.0864139,0.0921902
14.0344,0,0
14.0394,0,0
14.0444,0,0
14.0494,0.0189087,0.0431245
14.0544,0.0946831,0.0965005
14.0594,0.193832,0.138072
14.0644,0.0859873,0.0919624
14.0694,0.0908937,0.0945497
14.0744,0.24394,0.154894
14.0794,0.15693,0.124236
14.0844,0.00322535,0.0178107
14.0894,0.0781191,0.087654
14.0944,0.0170083,0.0409
14.0994,0.00196874,0.0139151
14.1044,0.15106,0.12189
14.1094,0.0436766,0.0655417
14.1144,0,0
14.1194,0,0
14.1244,0,0
14.1294,0.0296451,0.053997
14.1344,0.135779,0.11556
14.1394,0.0744336,0.0855614
14.1444,0.0552007,0.0736827
14.1494,0,0
14.1544,0,0
14.1594,0,0
14.1644,0.0576469,0.0752976
14.1694,0.0407058,0.0632734
14.1744,0,0
14.1794,0.0101051,0.0315256
14.1844,0.0858999,0.0919157
14.1894,0.00234771,0.0151955
14.1944,0,0
14.1994,0,0
14.2044,0.084318,0.0910654
14.2094,0.112387,0.105136
14.2144,0,0
14.2194,0,0
14.2244,0,0
14.2294,0,0
14.2344,0,0
14.2394,0,0
14.2444,0,0
14.2494,0.0533133,0.0724121
14.2544,0.0760121,0.0864639
14.2594,0.06738,0.0814064
14.2644,0,0
14.2694,0,0
14.2744,0.084865,0.0913603
14.2794,0.200047,0.140268
14.2844,0.108499,0.103301
14.2894,0.0149021,0.0382839
14.2944,0.0834507,0.0905958
14.2994,0.0239769,0.0485612
14.3044,0.0743759,0.0855282
14.3094,0,0
14.3144,0,0
14.3194,0.0750025,0.0858877
14.3244,0.216455,0.145907
14.3294,0.00360043,0.0188179
14.3344,0,0
14.3394,0.0290166,0.0534215
14.3444,0.0866638,0.0923235
14.3494,0.0873262,0.0926756
14.3544,0.107564,0.102855
14.3594,0.0828406,0.0902641
14.3644,0,0
14.3694,0,0
14.3744,0,0
14.3794,0,0
14.3844,0,0
14.3894,0,0
14.3944,0,0
14.3994,0.0730955,0.0847888
14.4044,0.0840137,0.0909009
14.4094,0.16099,0.125832
14.4144,0.0753119,0.0860647
14.4194,0,0
14.4244,0,0
14.4294,0,0
14.4344,0.0407793,0.0633305
14.4394,0.0575734,0.0752496
14.4444,0.0590817,0.0762289
14.4494,0.0766276,0.0868132
14.4544,0.0832294,0.0904756
14.4594,0.0761195,0.0865249
14.4644,0,0
14.4694,0,0
14.4744,0.00867318,0.0292067
14.4794,0.0837694,0.0907686
14.4844,0.00591018,0.0241098
14.4894,0,0
14.4944,0,0
14.4994,0,0
14.5044,0,0
14.5094,0,0
14.5144,0.0132527,0.0361032
14.5194,0.0851,0.0914867
14.5244,0,0
14.5294,0,0
14.5344,0,0
14.5394,0,0
14.5444,0.00952113,0.0306011
14.5494,0.0834111,0.0905743
14.5544,0.00542044,0.0230893
14.5594,0,0
14.5644,0,0
14.5694,0,0
14.5744,0,0
14.5794,0,0
14.5844,0.0602728,0.0769934
14.5894,0.0380799,0.0611986
14.5944,0,0
14.5994,0,0
14.6044,0,0
14.6094,0,0
14.6144,0,0
14.6194,0,0
14.6244,0.0694178,0.0826283
14.6294,0.0361599,0.0596357
14.6344,0.0815277,0.0895459
14.6394,0.00960008,0.0307277
14.6444,0,0
14.6494,0,0
14.6544,0.0136392,0.0366258
14.6594,0.122128,0.109598
14.6644,0.0844683,0.0911465
14.6694,0.0748226,0.0857847
14.6744,0,0
14.6794,0,0
14.6844,0.0606681,0.0772456
14.6894,0.131114,0.113558
14.6944,0.00492304,0.0220044
14.6994,0,0
14.7044,0,0
14.7094,0,0
14.7144,0,0
14.7194,0,0
14.7244,0,0
14.7294,0,0
14.7344,0,0
14.7394,0.0561469,0.0743115
14.7444,0.0422058,0.0644287
14.7494,0,0
14.7544,0,0
14.7594,0,0
14.7644,0,0
14.7694,0,0
14.7744,0,0
14.7794,0,0
14.7844,0,0
14.7894,0,0
14.7944,0,0
14.7994,0,0
14.8044,0,0
14.8094,0,0
14.8144,0,0
14.8194,0,0
14.8244,0,0
14.8294,0,0
14.8344,0,0
14.8394,0,0
14.8444,0,0
14.8494,0,0
14.8544,0,0
14.8594,0,0
14.8644,0,0
14.8694,0,0
14.8744,0,0
14.8794,0,0
14.8844,0,0
14.8894,0,0
14.8944,0,0
14.8994,0,0
14.9044,0,0
14.9094,0,0
14.9144,0,0
14.9194,0,0
14.9244,0,0
14.9294,0,0
14.9344,0,0
14.9394,0,0
14.9444,0,0
14.9494,0,0
14.9544,0,0
14.9594,0,0
14.9644,0,0
14.9694,0.0347167,0.0584335
14.9744,0.063636,0.0791124
14.9794,0,0
14.9844,0,0
14.9894,0,0
14.9944,0,0
14.9994,0,0
15.0044,0,0
15.0094,0,0
15.0144,0,0
15.0194,0,0
15.0244,0,0
15.0294,0.0221083,0.0466306
15.0344,0.0762444,0.0865959
15.0394,0,0
15.0444,0,0
15.0494,0,0
15.0544,0,0
15.0594,0,0
15.0644,0,0
15.0694,0,0
15.0744,0,0
15.0794,0,0
15.0844,0,0
15.0894,0,0
15.0944,0,0
15.0994,0,0
15.1044,0,0
15.1094,0,0
15.1144,0,0
15.1194,0,0
15.1244,0,0
15.1294,0,0
15.1344,0,0
15.1394,0,0
15.1444,0,0
15.1494,0,0
15.1544,0,0
15.1594,0,0
15.1644,0,0
15.1694,0,0
15.1744,0.0117895,0.0340519
15.1794,0.0835747,0.0906631
15.1844,0.00298846,0.0171442
15.1894,0,0
15.1944,0,0
15.1994,0,0
15.2044,0,0
15.2094,0,0
15.2137,0,0
