
1.00439,0.670747,0.18752
1.00939,0.68364,0.189314
1.01439,0.875286,0.214212
1.01939,0.840728,0.209941
1.02439,0.644358,0.183794
1.02939,0.962604,0.224643
1.03439,0.753596,0.198764
1.03939,0.993575,0.228228
1.04439,1.29135,0.26019
1.04939,1.10042,0.240186
1.05439,0.951533,0.223347
1.05939,1.1018,0.240337
1.06439,0.969501,0.225446
1.06939,0.814167,0.206598
1.07439,1.23261,0.254204
1.07939,0.873027,0.213935
1.08439,1.59435,0.289109
1.08939,0.975292,0.226118
1.09439,0.928767,0.220659
1.09939,1.0706,0.236909
1.10439,0.941007,0.222108
1.10939,1.02272,0.231552
1.11439,1.32689,0.263746
1.11939,1.11969,0.24228
1.12439,0.932119,0.221057
1.12939,0.796454,0.204338
1.13439,1.03425,0.232853
1.13939,1.50705,0.281082
1.14439,1.0357,0.233016
1.14939,1.1541,0.245975
1.15439,1.16465,0.247096
1.15939,0.8131,0.206462
1.16439,0.963257,0.224719
1.16939,1.55119,0.285168
1.17439,1.32397,0.263456
1.17939,1.3862,0.269576
1.18439,1.57762,0.287588
1.18939,1.09796,0.239917
1.19439,1.47696,0.278262
1.19939,1.54037,0.284172
1.20439,2.08995,0.331007
1.20939,1.92617,0.317772
1.21439,1.64162,0.293362
1.21939,2.11616,0.333076
1.22439,2.65285,0.372928
1.22939,2.32176,0.348881
1.23439,2.16353,0.336783
1.23939,1.72304,0.30055
1.24439,1.74688,0.302622
1.24939,2.15794,0.336348
1.25439,1.72306,0.300552
1.25939,2.11045,0.332626
1.26439,1.64388,0.293564
1.26939,1.76372,0.304077
1.27439,1.67361,0.296207
1.27939,2.17321,0.337535
1.28439,0.868895,0.213428
1.28939,1.22154,0.253059
1.29439,0.915465,0.219073
1.29939,0.989857,0.227801
1.30439,1.18148,0.248876
1.30939,1.47246,0.277838
1.31439,1.69293,0.297912
1.31939,1.82793,0.309562
1.32439,1.61146,0.290655
1.32939,2.30056,0.347284
1.33439,1.63434,0.292711
1.33939,1.80619,0.307716
1.34439,1.39462,0.270393
1.34939,1.62152,0.291561
1.35439,1.95493,0.320136
1.35939,1.60423,0.290002
1.36439,1.8055,0.307657
1.36939,1.75725,0.303519
1.37439,1.74348,0.302327
1.37939,1.55546,0.28556
1.38439,1.53903,0.284049
1.38939,1.31203,0.262265
1.39439,1.81654,0.308597
1.39939,2.02922,0.326162
1.40439,1.71845,0.300149
1.40939,1.60218,0.289817
1.41439,1.57523,0.287369
1.41939,2.0503,0.327852
1.42439,1.50791,0.281162
1.42939,1.72196,0.300456
1.43439,1.46347,0.276988
1.43939,1.79864,0.307072
1.44439,2.44798,0.358239
1.44939,2.04262,0.327237
1.45439,2.1733,0.337542
1.45939,2.35395,0.351291
1.46439,2.32553,0.349164
1.46939,2.29344,0.346747
1.47439,2.26823,0.344836
1.47939,2.4643,0.359431
1.48439,3.35838,0.419598
1.48939,2.37428,0.352805
1.49439,2.86082,0.38727
1.49939,2.96881,0.394512
1.50439,2.11211,0.332756
1.50939,2.41265,0.355644
1.51439,1.71899,0.300196
1.51939,1.84253,0.310796
1.52439,1.68451,0.29717
1.52939,1.77093,0.304698
1.53439,1.81671,0.308611
1.53939,2.05188,0.327978
1.54439,2.16728,0.337075
1.54939,2.0354,0.326658
1.55439,2.34526,0.350642
1.55939,1.59113,0.288816
1.56439,1.73059,0.301207
1.56939,1.83638,0.310277
1.57439,2.39877,0.35462
1.57939,2.50954,0.362715
1.58439,3.02915,0.398501
1.58939,1.63719,0.292967
1.59439,2.05159,0.327955
1.59939,1.48384,0.278909
1.60439,2.11519,0.332999
1.60939,2.34085,0.350312
1.61439,2.38088,0.353295
1.61939,2.2335,0.342185
1.62439,2.14016,0.334959
1.62939,2.0682,0.32928
1.63439,1.96601,0.321042
1.63939,1.68209,0.296957
1.64439,2.03149,0.326344
1.64939,2.49309,0.361524
1.65439,2.90152,0.390015
1.65939,2.96655,0.394361
1.66439,2.44289,0.357866
1.66939,2.41526,0.355836
1.67439,2.24801,0.343295
1.67939,2.73175,0.378433
1.68439,2.56378,0.366614
1.68939,3.71821,0.441505
1.69439,3.27908,0.414615
1.69939,4.35696,0.477926
1.70439,4.1414,0.465953
1.70939,4.1215,0.464832
1.71439,3.34047,0.418478
1.71939,2.72454,0.377934
1.72439,2.96857,0.394495
1.72939,4.08473,0.462754
1.73439,5.45028,0.534538
1.73939,6.27562,0.573584
1.74439,5.65157,0.544319
1.74939,4.26965,0.473113
1.75439,3.52534,0.429902
1.75939,4.01779,0.458947
1.76439,4.53289,0.487479
1.76939,6.50148,0.583814
1.77439,5.3471,0.529454
1.77939,4.39519,0.480018
1.78439,4.35756,0.477959
1.78939,4.58471,0.490258
1.79439,4.8356,0.503494
1.79939,5.01427,0.512711
1.80439,6.16414,0.568466
1.80939,6.57663,0.587179
1.81439,6.68885,0.592167
1.81939,7.26265,0.617044
1.82439,7.55563,0.629367
1.82939,6.14364,0.56752
1.83439,7.4416,0.6246
1.83939,7.68942,0.634915
1.84439,7.94235,0.645273
1.84939,10.2164,0.731842
1.85439,10.5471,0.743593
1.85939,11.158,0.764824
1.86439,11.8693,0.788826
1.86939,13.8788,0.852992
1.87439,13.5086,0.841538
1.87939,17.7339,0.964208
1.88439,19.6307,1.01446
1.88939,20.8071,1.04442
1.89439,24.2123,1.12664
1.89939,25.9239,1.16579
1.90439,28.6754,1.22609
1.90939,34.1677,1.33837
1.91439,41.9065,1.48221
1.91939,48.3393,1.59191
1.92439,53.5262,1.67514
1.92939,62.8586,1.81531
1.93439,73.5931,1.96421
1.93939,74.6045,1.97766
1.94439,83.245,2.08904
1.94939,95.8745,2.24192
1.95439,101.488,2.30663
1.95939,109.725,2.3984
1.96439,119.826,2.50636
1.96939,134.653,2.65691
1.97439,143.697,2.74468
1.97939,153.431,2.83612
1.98439,163.607,2.92866
1.98939,171.531,2.99875
1.99439,182.073,3.08952
1.99939,184.012,3.10593
2.00439,183.372,3.10052
2.00939,185.299,3.11677
2.01439,200.726,3.24392
2.01939,204.723,3.27606
2.02439,209.612,3.31494
2.02939,211.721,3.33158
2.03439,223.069,3.4197
2.03939,217.107,3.3737
2.04439,226.406,3.44518
2.04939,232.375,3.49031
2.05439,240.061,3.54756
2.05939,237.808,3.53087
2.06439,238.576,3.53657
2.06939,242.472,3.56533
2.07439,243.3,3.57141
2.07939,242.506,3.56558
2.08439,243.453,3.57253
2.08939,246.349,3.59372
2.09439,246.708,3.59634
2.09939,245.443,3.58711
2.10439,250.617,3.62471
2.10939,252.132,3.63566
2.11439,254.892,3.6555
2.11939,265.258,3.72909
2.12439,262.46,3.70937
2.12939,256.193,3.66481
2.13439,251.914,3.63408
2.13939,257.811,3.67637
2.14439,259.269,3.68675
2.14939,256.304,3.66561
2.15439,270.806,3.76789
2.15939,270.604,3.76648
2.16439,270.128,3.76317
2.16939,277.016,3.81084
2.17439,275.423,3.79987
2.17939,283.057,3.85217
2.18439,280.663,3.83585
2.18939,282.325,3.84719
2.19439,285.292,3.86735
2.19939,289.674,3.89694
2.20439,290.44,3.90208
2.20939,296.141,3.94019
2.21439,297.052,3.94625
2.21939,297.407,3.94861
2.22439,296.811,3.94465
2.22939,300.85,3.9714
2.23439,302.726,3.98377
2.23939,304.538,3.99567
2.24439,302.553,3.98262
2.24939,308.799,4.02353
2.25439,307.225,4.01326
2.25939,311.705,4.04241
2.26439,313.997,4.05725
2.26939,309.977,4.03119
2.27439,314.214,4.05865
2.27939,319.216,4.09083
2.28439,323.412,4.11762
2.28939,329.045,4.15333
2.29439,328.292,4.14857
2.29939,331.109,4.16634
2.30439,329.25,4.15462
2.30939,337.669,4.20741
2.31439,339.723,4.22018
2.31939,336.639,4.20098
2.32439,338.871,4.21489
2.32939,338.285,4.21124
2.33439,335.045,4.19102
2.33939,339.585,4.21933
2.34439,345.003,4.25285
2.34939,348.314,4.27321
2.35439,351.799,4.29453
2.35939,358.728,4.33662
2.36439,355.325,4.316
2.36939,356.156,4.32105
2.37439,359.057,4.3386
2.37939,359.814,4.34318
2.38439,356.957,4.3259
2.38939,358.849,4.33735
2.39439,361.44,4.35298
2.39939,363.507,4.36541
2.40439,365.577,4.37782
2.40939,371.399,4.41254
2.41439,368.049,4.3926
2.41939,370.634,4.408
2.42439,366.476,4.3832
2.42939,368.23,4.39368
2.43439,370.128,4.40499
2.43939,366.599,4.38394
2.44439,369.698,4.40243
2.44939,369.728,4.40261
2.45439,375.22,4.43519
2.45939,378.163,4.45254
2.46439,377.752,4.45012
2.46939,386.817,4.5032
2.47439,381.133,4.46999
2.47939,381.002,4.46923
2.48439,382.16,4.47601
2.48939,389.366,4.51801
2.49439,395.813,4.55527
2.49939,390.923,4.52704
2.50439,390.385,4.52392
2.50939,395.349,4.55259
2.51439,398.475,4.57056
2.51939,396.479,4.5591
2.52439,408.591,4.62821
2.52939,390.932,4.52709
2.53439,384.662,4.49064
2.53939,394.485,4.54762
2.54439,389.89,4.52106
2.54939,402.918,4.59597
2.55439,394.769,4.54925
2.55939,392.907,4.53851
2.56439,389.867,4.52092
2.56939,395.668,4.55443
2.57439,396.403,4.55866
2.57939,390.928,4.52707
2.58439,395.18,4.55162
2.58939,393.826,4.54382
2.59439,395.853,4.55549
2.59939,385.589,4.49605
2.60439,385.677,4.49656
2.60939,385.488,4.49546
2.61439,387.998,4.51007
2.61939,387.089,4.50479
2.62439,391.029,4.52765
2.62939,387.634,4.50795
2.63439,385.34,4.49459
2.63939,380.983,4.46912
2.64439,381.265,4.47077
2.64939,386.517,4.50146
2.65439,375.479,4.43672
2.65939,378.939,4.45711
2.66439,379.223,4.45878
2.66939,380.52,4.4664
2.67439,383.954,4.4865
2.67939,377.671,4.44964
2.68439,378.916,4.45698
2.68939,373.167,4.42303
2.69439,371.878,4.41539
2.69939,374.895,4.43326
2.70439,363.21,4.36363
2.70939,362.011,4.35642
2.71439,360.553,4.34764
2.71939,362.668,4.36037
2.72439,359.43,4.34086
2.72939,363.463,4.36515
2.73439,361.159,4.35129
2.73939,358.469,4.33505
2.74439,361.48,4.35322
2.74939,370.3,4.40601
2.75439,357.521,4.32932
2.75939,350.598,4.2872
2.76439,354.754,4.31253
2.76939,353.296,4.30366
2.77439,348.914,4.27689
2.77939,351.321,4.29161
2.78439,352.911,4.30131
2.78939,350.249,4.28506
2.79439,355.845,4.31916
2.79939,352.266,4.29739
2.80439,344.026,4.24682
2.80939,347.024,4.26529
2.81439,345.993,4.25895
2.81939,346.182,4.26011
2.82439,340.929,4.22766
2.82939,337.937,4.20907
2.83439,328.739,4.1514
2.83939,334.803,4.18951
2.84439,340.391,4.22433
2.84939,341.092,4.22868
2.85439,338.168,4.21051
2.85939,339.37,4.21799
2.86439,332.571,4.17552
2.86939,330.59,4.16307
2.87439,326.275,4.13581
2.87939,323.159,4.11602
2.88439,329.408,4.15562
2.88939,322.632,4.11266
2.89439,324.401,4.12391
2.89939,332.787,4.17688
2.90439,331.176,4.16676
2.90939,332.905,4.17762
2.91439,336.9,4.20261
2.91939,332.984,4.17811
2.92439,335.489,4.1938
2.92939,336.114,4.1977
2.93439,332.617,4.17581
2.93939,328.419,4.14938
2.94439,330.531,4.1627
2.94939,327.56,4.14395
2.95439,324.771,4.12627
2.95939,319.041,4.08971
2.96439,317.833,4.08196
2.96939,322.003,4.10864
2.97439,316.844,4.0756
2.97939,316.283,4.07199
2.98439,318.34,4.08521
2.98939,324.88,4.12696
2.99439,317.576,4.0803
2.99939,311.605,4.04176
3.00439,317.224,4.07804
3.00939,316.229,4.07164
3.01439,312.861,4.0499
3.01939,319.736,4.09416
3.02439,311.392,4.04038
3.02939,313.182,4.05198
3.03439,310.771,4.03635
3.03939,301.383,3.97492
3.04439,305.221,4.00015
3.04939,307.089,4.01237
3.05439,301.39,3.97497
3.05939,296.394,3.94188
3.06439,296.977,3.94575
3.06939,298.478,3.95571
3.07439,302.872,3.98473
3.07939,297.976,3.95238
3.08439,295.86,3.93832
3.08939,296.869,3.94504
3.09439,302.239,3.98056
3.09939,299.634,3.96337
3.10439,298.582,3.9564
3.10939,299.46,3.96222
3.11439,293.032,3.91946
3.11939,290.165,3.90024
3.12439,290.518,3.90261
3.12939,292.128,3.91341
3.13439,289.176,3.89359
3.13939,283.852,3.85758
3.14439,282.971,3.85159
3.14939,279.591,3.82851
3.15439,282.808,3.85048
3.15939,279.965,3.83107
3.16439,281.739,3.8432
3.16939,280.168,3.83246
3.17439,280.956,3.83785
3.17939,275.09,3.79757
3.18439,278.976,3.8243
3.18939,279.924,3.83079
3.19439,275.061,3.79737
3.19939,275.488,3.80032
3.20439,272.52,3.77979
3.20939,270.69,3.76708
3.21439,270.479,3.76561
3.21939,276.998,3.81072
3.22439,273.466,3.78635
3.22939,272.861,3.78216
3.23439,270.849,3.76819
3.23939,270.206,3.76371
3.24439,268.08,3.74887
3.24939,263.482,3.71658
3.25439,263.541,3.717
3.25939,266.201,3.73571
3.26439,267.696,3.74619
3.26939,259.103,3.68558
3.27439,262.543,3.70996
3.27939,260.577,3.69604
3.28439,265.124,3.72815
3.28939,261.193,3.70041
3.29439,257.166,3.67177
3.29939,255.697,3.66127
3.30439,252.434,3.63783
3.30939,259.523,3.68856
3.31439,250.31,3.6225
3.31939,252.427,3.63778
3.32439,256.145,3.66447
3.32939,252.758,3.64017
3.33439,252.743,3.64006
3.33939,245.55,3.58789
3.34439,247.854,3.60468
3.34939,248.31,3.60799
3.35439,251.21,3.629
3.35939,249.493,3.61658
3.36439,250.174,3.62151
3.36939,244.948,3.58348
3.37439,239.395,3.54263
3.37939,243.652,3.57399
3.38439,237.574,3.52913
3.38939,235.775,3.51575
3.39439,232.85,3.49387
3.39939,233.792,3.50093
3.40439,236.54,3.52144
3.40939,236.282,3.51953
3.41439,235.2,3.51146
3.41939,233.25,3.49687
3.42439,235.867,3.51643
3.42939,231.417,3.4831
3.43439,231.336,3.48249
3.43939,227.845,3.45612
3.44439,230.774,3.47826
3.44939,233.261,3.49695
3.45439,232.239,3.48928
3.45939,228.798,3.46334
3.46439,228.148,3.45841
3.46939,230.666,3.47745
3.47439,229.002,3.46488
3.47939,230.948,3.47957
3.48439,225.515,3.4384
3.48939,224.888,3.43361
3.49439,218.263,3.38267
3.49939,221.37,3.40666
3.50439,218.232,3.38242
3.50939,221.253,3.40575
3.51439,212.218,3.33549
3.51939,215.732,3.36299
3.52439,215.405,3.36045
3.52939,215.2,3.35885
3.53439,212.513,3.33781
3.53939,211.309,3.32834
3.54439,208.864,3.30903
3.54939,205.118,3.27922
3.55439,207.517,3.29834
3.55939,207.042,3.29457
3.56439,208.313,3.30466
3.56939,205.338,3.28098
3.57439,202.889,3.26135
3.57939,201.849,3.25298
3.58439,202.715,3.25996
3.58939,205.198,3.27986
3.59439,203.896,3.26944
3.59939,202.667,3.25957
3.60439,204.768,3.27642
3.60939,204.91,3.27755
3.61439,204.56,3.27476
3.61939,202.752,3.26025
3.62439,200.596,3.24287
3.62939,198.798,3.2283
3.63439,196.648,3.2108
3.63939,196.882,3.21271
3.64439,196.994,3.21362
3.64939,194.77,3.19543
3.65439,196.564,3.21012
3.65939,191.262,3.16652
3.66439,190.547,3.1606
3.66939,189.158,3.14906
3.67439,187.673,3.13668
3.67939,192.707,3.17846
3.68439,188.236,3.14138
3.68939,190.58,3.16087
3.69439,183.908,3.10505
3.69939,183.6,3.10245
3.70439,185.806,3.12103
3.70939,186.824,3.12957
3.71439,189.328,3.15047
3.71939,184.047,3.10623
3.72439,182.006,3.08895
3.72939,176.905,3.04536
3.73439,176.017,3.0377
3.73939,178.978,3.06315
3.74439,178.949,3.0629
3.74939,178.892,3.06242
3.75439,170.603,2.99062
3.75939,172.063,3.0034
3.76439,171.267,2.99644
3.76939,174.735,3.02663
3.77439,176.211,3.03938
3.77939,170.044,2.98573
3.78439,167.022,2.95907
3.78939,172.356,3.00595
3.79439,169.747,2.98311
3.79939,164.232,2.93425
3.80439,166.11,2.95098
3.80939,165.954,2.9496
3.81439,173.934,3.01968
3.81939,170.913,2.99334
3.82439,166.098,2.95088
3.82939,172.555,3.00768
3.83439,171.393,2.99754
3.83939,169.487,2.98083
3.84439,163.609,2.92869
3.84939,166.561,2.95498
3.85439,165.409,2.94474
3.85939,165.309,2.94385
3.86439,162.985,2.92309
3.86939,162.032,2.91454
3.87439,168.02,2.9679
3.87939,162.696,2.9205
3.88439,163.354,2.9264
3.88939,161.635,2.91096
3.89439,160.534,2.90103
3.89939,161.07,2.90587
3.90439,166.31,2.95276
3.90939,157.658,2.87493
3.91439,157.915,2.87727
3.91939,160.677,2.90232
3.92439,153.642,2.83807
3.92939,151.876,2.82171
3.93439,157.391,2.87249
3.93939,155.435,2.85459
3.94439,153.004,2.83217
3.94939,152.842,2.83067
3.95439,154.264,2.84381
3.95939,152.269,2.82536
3.96439,147.506,2.78082
3.96939,144.539,2.75272
3.97439,142.787,2.73598
3.97939,147.161,2.77757
3.98439,144.93,2.75643
3.98939,143.961,2.74721
3.99439,139.659,2.70585
3.99939,139.421,2.70354
4.00439,140.588,2.71483
4.00939,136.79,2.6779
4.01439,138.489,2.69448
4.01939,133.69,2.64739
4.02439,133.377,2.64429
4.02939,135.798,2.66818
4.03439,135.068,2.661
4.03939,133.651,2.647
4.04439,130.329,2.6139
4.04939,133.943,2.6499
4.05439,133.677,2.64726
4.05939,128.517,2.59567
4.06439,129.557,2.60615
4.06939,128.263,2.5931
4.07439,128.34,2.59388
4.07939,131.779,2.6284
4.08439,128.821,2.59874
4.08939,131.298,2.6236
4.09439,134.138,2.65183
4.09939,134.923,2.65957
4.10439,138.258,2.69224
4.10939,139.249,2.70188
4.11439,138.027,2.68999
4.11939,134.608,2.65647
4.12439,137.21,2.68201
4.12939,136.948,2.67945
4.13439,134.38,2.65421
4.13939,133.401,2.64453
4.14439,134.02,2.65066
4.14939,135.311,2.66339
4.15439,138.039,2.6901
4.15939,139.939,2.70856
4.16439,134.658,2.65696
4.16939,130.16,2.61221
4.17439,133.91,2.64957
4.17939,132.154,2.63214
4.18439,129.259,2.60315
4.18939,130.878,2.6194
4.19439,128.64,2.59691
4.19939,128.292,2.5934
4.20439,131.141,2.62203
4.20939,131.121,2.62183
4.21439,130.633,2.61695
4.21939,130.958,2.6202
4.22439,130.461,2.61523
4.22939,124.357,2.55331
4.23439,133.339,2.64392
4.23939,133.188,2.64241
4.24439,129.656,2.60715
4.24939,130.057,2.61117
4.25439,129.774,2.60833
4.25939,128.041,2.59086
4.26439,128.286,2.59333
4.26939,127.646,2.58685
4.27439,126.331,2.5735
4.27939,126.283,2.573
4.28439,126.252,2.57269
4.28939,123.107,2.54044
4.29439,121.731,2.5262
4.29939,121.577,2.52461
4.30439,122.012,2.52913
4.30939,119.28,2.50065
4.31439,120.796,2.51648
4.31939,121.862,2.52756
4.32439,115.781,2.4637
4.32939,117.076,2.47744
4.33439,117.831,2.48542
4.33939,116.954,2.47614
4.34439,118.779,2.49539
4.34939,117.304,2.47984
4.35439,118.973,2.49743
4.35939,118.09,2.48814
4.36439,117.853,2.48564
4.36939,115.205,2.45756
4.37439,116.439,2.47069
4.37939,116.287,2.46908
4.38439,117.668,2.48369
4.38939,118.745,2.49503
4.39439,118.752,2.49511
4.39939,118.681,2.49437
4.40439,120.016,2.50835
4.40939,115.744,2.46331
4.41439,118.335,2.49073
4.41939,115.272,2.45828
4.42439,119.551,2.50349
4.42939,114.904,2.45435
4.43439,114.151,2.4463
4.43939,114.634,2.45146
4.44439,113.346,2.43765
4.44939,115.062,2.45604
4.45439,118.462,2.49206
4.45939,114.148,2.44626
4.46439,115.814,2.46405
4.46939,110.522,2.4071
4.47439,113.372,2.43793
4.47939,112.394,2.42739
4.48439,113.878,2.44337
4.48939,113.107,2.43508
4.49439,109.748,2.39866
4.49939,111.067,2.41302
4.50439,113.384,2.43806
4.50939,107.382,2.37266
4.51439,109.517,2.39612
4.51939,108.44,2.38432
4.52439,110.478,2.40661
4.52939,107.234,2.37101
4.53439,105.191,2.34833
4.53939,107.782,2.37707
4.54439,106.304,2.36071
4.54939,109.145,2.39205
4.55439,108.991,2.39036
4.55939,102.677,2.32009
4.56439,106.905,2.36738
4.56939,108.139,2.38101
4.57439,107.194,2.37058
4.57939,107.382,2.37266
4.58439,102.637,2.31964
4.58939,107.283,2.37156
4.59439,104.374,2.33919
4.59939,106.275,2.36039
4.60439,103.342,2.3276
4.60939,103.103,2.3249
4.61439,102.679,2.32012
4.61939,105.2,2.34842
4.62439,103.831,2.3331
4.62939,101.982,2.31222
4.63439,103.466,2.32899
4.63939,102.309,2.31593
4.64439,103.349,2.32767
4.64939,100.538,2.2958
4.65439,99.8598,2.28804
4.65939,96.952,2.25448
4.66439,102.898,2.32259
4.66939,101.599,2.30789
4.67439,101.073,2.3019
4.67939,99.5709,2.28473
4.68439,99.7979,2.28733
4.68939,99.0313,2.27853
4.69439,94.4954,2.22574
4.69939,97.2929,2.25844
4.70439,98.9644,2.27776
4.70939,95.8105,2.24117
4.71439,98.1195,2.26802
4.71939,97.9344,2.26588
4.72439,98.3125,2.27025
4.72939,100.608,2.29659
4.73439,100.431,2.29457
4.73939,100.978,2.30082
4.74439,101.659,2.30857
4.74939,100.35,2.29366
4.75439,100.633,2.29688
4.75939,96.3922,2.24797
4.76439,96.1904,2.24561
4.76939,95.4928,2.23745
4.77439,98.3983,2.27124
4.77939,99.7474,2.28675
4.78439,97.8189,2.26454
4.78939,96.9465,2.25442
4.79439,95.9695,2.24303
4.79939,96.116,2.24474
4.80439,99.4956,2.28387
4.80939,95.4196,2.2366
4.81439,97.0217,2.25529
4.81939,94.7589,2.22884
4.82439,97.4957,2.2608
4.82939,94.7283,2.22848
4.83439,94.2169,2.22246
4.83939,92.5689,2.20293
4.84439,94.3921,2.22452
4.84939,93.6323,2.21555
4.85439,93.7987,2.21752
4.85939,94.1606,2.22179
4.86439,96.228,2.24605
4.86939,90.8107,2.18191
4.87439,93.5857,2.215
4.87939,90.6224,2.17965
4.88439,91.1966,2.18654
4.88939,87.8421,2.14595
4.89439,86.2681,2.12664
4.89939,94.3434,2.22395
4.90439,90.8083,2.18188
4.90939,90.2876,2.17562
4.91439,87.6939,2.14414
4.91939,88.0275,2.14822
4.92439,87.5074,2.14186
4.92939,85.2026,2.11347
4.93439,86.1334,2.12498
4.93939,84.7001,2.10722
4.94439,85.001,2.11096
4.94939,82.9471,2.0853
4.95439,85.7084,2.11973
4.95939,84.9976,2.11092
4.96439,84.1393,2.10024
4.96939,81.3123,2.06465
4.97439,79.6886,2.04393
4.97939,82.5482,2.08028
4.98439,80.8802,2.05916
4.98939,82.3019,2.07718
4.99439,81.204,2.06328
4.99939,78.201,2.02477
5.00439,81.8598,2.07159
5.00939,80.2406,2.051
5.01439,74.5134,1.97645
5.01939,78.7452,2.0318
5.02439,80.5923,2.05549
5.02939,77.2529,2.01245
5.03439,77.136,2.01093
5.03939,74.3464,1.97423
5.04439,75.6747,1.99179
5.04939,70.9454,1.92855
5.05439,74.184,1.97208
5.05939,72.5772,1.9506
5.06439,72.4632,1.94907
5.06939,72.9477,1.95558
5.07439,73.362,1.96112
5.07939,70.7915,1.92646
5.08439,69.9882,1.91549
5.08939,71.7339,1.93924
5.09439,70.1881,1.91823
5.09939,70.3489,1.92042
5.10439,68.6126,1.89658
5.10939,71.4065,1.93481
5.11439,69.9175,1.91453
5.11939,67.4932,1.88104
5.12439,68.5949,1.89633
5.12939,68.1382,1.89001
5.13439,67.173,1.87658
5.13939,65.7192,1.85616
5.14439,67.4599,1.88058
5.14939,68.5047,1.89509
5.15439,64.6879,1.84154
5.15939,65.3994,1.85164
5.16439,69.2402,1.90523
5.16939,66.3939,1.86566
5.17439,64.9797,1.84569
5.17939,63.2655,1.82118
5.18439,63.9705,1.8313
5.18939,63.6124,1.82616
5.19439,62.1022,1.80436
5.19939,63.1846,1.82001
5.20439,63.8234,1.82919
5.20939,62.8165,1.8147
5.21439,65.442,1.85224
5.21939,62.7427,1.81364
5.22439,63.7182,1.82768
5.22939,62.0111,1.80303
5.23439,62.7376,1.81356
5.23939,62.1701,1.80534
5.24439,60.8237,1.78569
5.24939,60.4071,1.77956
5.25439,60.9794,1.78797
5.25939,61.4551,1.79493
5.26439,61.2726,1.79226
5.26939,64.8316,1.84358
5.27439,62.929,1.81633
5.27939,60.6851,1.78365
5.28439,59.6905,1.76897
5.28939,62.138,1.80488
5.29439,62.0527,1.80364
5.29939,60.7261,1.78425
5.30439,58.7108,1.7544
5.30939,59.7502,1.76986
5.31439,61.217,1.79145
5.31939,59.7192,1.7694
5.32439,57.9713,1.74331
5.32939,63.0258,1.81772
5.33439,61.9944,1.80279
5.33939,60.524,1.78128
5.34439,56.8646,1.72659
5.34939,57.5808,1.73743
5.35439,58.7134,1.75444
5.35939,60.0268,1.77395
5.36439,60.0711,1.7746
5.36939,57.6374,1.73829
5.37439,58.5533,1.75204
5.37939,57.563,1.73716
5.38439,58.0823,1.74498
5.38939,61.0655,1.78923
5.39439,56.5902,1.72242
5.39939,57.5866,1.73752
5.40439,57.7008,1.73924
5.40939,58.4002,1.74975
5.41439,59.0734,1.75981
5.41939,55.3697,1.70375
5.42439,56.1407,1.71557
5.42939,54.685,1.69318
5.43439,56.0108,1.71358
5.43939,55.5469,1.70647
5.44439,56.0165,1.71367
5.44939,55.369,1.70373
5.45439,56.4252,1.71991
5.45939,52.2004,1.65427
5.46439,53.4302,1.67364
5.46939,56.1266,1.71535
5.47439,52.4366,1.65801
5.47939,53.4566,1.67405
5.48439,55.4034,1.70426
5.48939,55.0603,1.69898
5.49439,56.718,1.72436
5.49939,55.591,1.70715
5.50439,53.1304,1.66894
5.50939,54.9776,1.6977
5.51439,52.7954,1.66367
5.51939,52.9852,1.66666
5.52439,54.2166,1.68591
5.52939,52.0444,1.65179
5.53439,53.5407,1.67537
5.53939,51.6645,1.64575
5.54439,52.3791,1.6571
5.54939,50.5206,1.62743
5.55439,51.9845,1.65084
5.55939,51.8774,1.64914
5.56439,48.3002,1.59127
5.56939,51.6075,1.64485
5.57439,49.004,1.60282
5.57939,50.4877,1.6269
5.58439,52.8977,1.66528
5.58939,49.4088,1.60943
5.59439,51.2586,1.63928
5.59939,51.9523,1.65033
5.60439,50.0226,1.61939
5.60939,50.722,1.63067
5.61439,49.8576,1.61672
5.61939,46.1873,1.55607
5.62439,45.6977,1.5478
5.62939,46.1324,1.55515
5.63439,48.6005,1.59621
5.63939,49.3465,1.60841
5.64439,50.0826,1.62036
5.64939,49.4406,1.60994
5.65439,46.8786,1.56767
5.65939,47.3488,1.57552
5.66439,48.4932,1.59444
5.66939,47.9115,1.58485
5.67439,46.1147,1.55485
5.67939,46.4181,1.55996
5.68439,44.5577,1.52837
5.68939,46.8633,1.56742
5.69439,44.9151,1.53449
5.69939,47.1592,1.57236
5.70439,46.8729,1.56758
5.70939,46.788,1.56616
5.71439,43.8129,1.51555
5.71939,46.562,1.56237
5.72439,43.1523,1.50408
5.72939,41.2886,1.47124
5.73439,42.3775,1.49051
5.73939,44.3377,1.5246
5.74439,44.2987,1.52393
5.74939,45.4869,1.54423
5.75439,43.9569,1.51804
5.75939,41.2366,1.47031
5.76439,42.171,1.48688
5.76939,43.2329,1.50548
5.77439,42.8518,1.49883
5.77939,41.8511,1.48123
5.78439,43.938,1.51771
5.78939,42.8528,1.49885
5.79439,43.324,1.50707
5.79939,43.8699,1.51653
5.80439,41.7125,1.47877
5.80939,41.8521,1.48125
5.81439,42.2166,1.48768
5.81939,42.1217,1.48601
5.82439,42.758,1.49719
5.82939,41.3079,1.47158
5.83439,40.2889,1.45332
5.83939,41.0677,1.4673
5.84439,41.0085,1.46624
5.84939,40.0864,1.44966
5.85439,37.2222,1.39691
5.85939,40.4467,1.45616
5.86439,38.8575,1.42727
5.86939,38.1432,1.41409
5.87439,40.0231,1.44852
5.87939,40.1794,1.45134
5.88439,39.296,1.4353
5.88939,40.2065,1.45183
5.89439,39.1032,1.43178
5.89939,39.4005,1.43721
5.90439,39.3051,1.43547
5.90939,38.8072,1.42635
5.91439,38.9827,1.42957
5.91939,38.1148,1.41356
5.92439,39.4837,1.43872
5.92939,38.3616,1.41813
5.93439,37.3648,1.39959
5.93939,38.5414,1.42145
5.94439,37.4041,1.40032
5.94939,36.9439,1.39168
5.95439,36.4375,1.38211
5.95939,36.3249,1.37997
5.96439,35.3767,1.36184
5.96939,37.1319,1.39522
5.97439,39.1593,1.4328
5.97939,37.3234,1.39881
5.98439,36.2809,1.37914
5.98939,36.9326,1.39147
5.99439,34.0217,1.33551
5.99939,37.9503,1.41051
6.00439,35.6363,1.36683
6.00939,35.5247,1.36469
6.01439,36.496,1.38322
6.01939,36.8093,1.38914
6.02439,35.088,1.35628
6.02939,33.6267,1.32773
6.03439,35.0665,1.35586
6.03939,34.5921,1.34666
6.04439,35.2366,1.35914
6.04939,33.1469,1.31823
6.05439,34.0298,1.33567
6.05939,33.5455,1.32613
6.06439,33.7074,1.32933
6.06939,34.5073,1.34501
6.07439,35.0413,1.35537
6.07939,34.7232,1.34921
6.08439,33.2461,1.3202
6.08939,31.8093,1.29136
6.09439,33.6105,1.32741
6.09939,32.2117,1.2995
6.10439,33.92,1.33351
6.10939,34.0534,1.33613
6.11439,33.5367,1.32595
6.11939,33.6162,1.32753
6.12439,32.96,1.31451
6.12939,33.6123,1.32745
6.13439,32.4128,1.30355
6.13939,31.7251,1.28964
6.14439,31.4984,1.28503
6.14939,33.1222,1.31774
6.15439,33.6491,1.32817
6.15939,30.4392,1.26324
6.16439,31.2719,1.2804
6.16939,29.3316,1.24004
6.17439,30.7747,1.27018
6.17939,31.8173,1.29152
6.18439,28.7852,1.22844
6.18939,30.9682,1.27417
6.19439,30.0528,1.2552
6.19939,30.6691,1.268
6.20439,29.9232,1.25248
6.20939,30.3681,1.26176
6.21439,30.3399,1.26118
6.21939,30.4803,1.26409
6.22439,30.6999,1.26864
6.22939,28.9923,1.23285
6.23439,29.6986,1.24778
6.23939,29.0766,1.23464
6.24439,30.5137,1.26478
6.24939,29.1836,1.23691
6.25439,30.4868,1.26423
6.25939,28.2707,1.21741
6.26439,28.6761,1.22611
6.26939,30.5114,1.26474
6.27439,29.5921,1.24554
6.27939,28.4846,1.22201
6.28439,26.7327,1.18383
6.28939,28.3759,1.21967
6.29439,27.2769,1.19582
6.29939,27.0222,1.19023
6.30439,28.4885,1.22209
6.30939,29.0184,1.2334
6.31439,27.6497,1.20397
6.31939,27.8452,1.20821
6.32439,27.712,1.20532
6.32939,27.9692,1.2109
6.33439,24.9531,1.14375
6.33939,27.781,1.20682
6.34439,27.9567,1.21063
6.34939,25.7958,1.1629
6.35439,26.3886,1.17619
6.35939,26.4113,1.17669
6.36439,24.5436,1.13432
6.36939,24.8648,1.14172
6.37439,26.0744,1.16917
6.37939,24.8744,1.14194
6.38439,24.854,1.14148
6.38939,25.6248,1.15904
6.39439,26.6116,1.18115
6.39939,26.124,1.17028
6.40439,26.383,1.17606
6.40939,26.3581,1.17551
6.41439,25.8852,1.16492
6.41939,26.9783,1.18926
6.42439,24.7784,1.13974
6.42939,25.2173,1.14979
6.43439,26.5802,1.18045
6.43939,25.0602,1.1462
6.44439,25.5008,1.15623
6.44939,24.5542,1.13457
6.45439,24.1928,1.12619
6.45939,24.0886,1.12376
6.46439,24.5358,1.13415
6.46939,24.5116,1.13359
6.47439,23.9733,1.12107
6.47939,22.8121,1.09358
6.48439,25.6979,1.16069
6.48939,24.4374,1.13187
6.49439,23.3886,1.10731
6.49939,25.7881,1.16273
6.50439,23.6383,1.11321
6.50939,24.2195,1.12681
6.51439,22.8501,1.09449
6.51939,23.2341,1.10365
6.52439,22.4917,1.08588
6.52939,23.3645,1.10674
6.53439,21.8971,1.07142
6.53939,22.7093,1.09111
6.54439,22.4736,1.08544
6.54939,24.1738,1.12575
6.55439,24.1473,1.12513
6.55939,23.4265,1.10821
6.56439,23.9651,1.12088
6.56939,22.7384,1.09181
6.57439,22.2819,1.0808
6.57939,22.6329,1.08928
6.58439,22.9318,1.09645
6.58939,21.2102,1.05449
6.59439,21.2734,1.05606
6.59939,21.891,1.07128
6.60439,23.2503,1.10404
6.60939,21.8635,1.0706
6.61439,22.793,1.09312
6.61939,24.2152,1.12671
6.62439,20.6585,1.04068
6.62939,21.2956,1.05661
6.63439,21.005,1.04937
6.63939,20.1463,1.0277
6.64439,21.9297,1.07222
6.64939,20.8018,1.04429
6.65439,19.6156,1.01407
6.65939,20.6638,1.04082
6.66439,21.316,1.05711
6.66939,20.5798,1.0387
6.67439,21.0758,1.05114
6.67939,21.5957,1.06403
6.68439,21.6974,1.06653
6.68939,20.7683,1.04344
6.69439,20.7035,1.04182
6.69939,20.6543,1.04058
6.70439,21.0947,1.05161
6.70939,20.4064,1.03431
6.71439,20.1562,1.02795
6.71939,20.2942,1.03147
6.72439,18.9291,0.996171
6.72939,19.0773,1.00006
6.73439,20.1844,1.02867
6.73939,18.9295,0.99618
6.74439,20.7359,1.04263
6.74939,16.6234,0.93353
6.75439,19.7351,1.01716
6.75939,19.8587,1.02034
6.76439,19.8617,1.02042
6.76939,19.7144,1.01662
6.77439,19.2504,1.00459
6.77939,18.9438,0.996557
6.78439,19.2513,1.00461
6.78939,18.3372,0.980473
6.79439,19.3459,1.00708
6.79939,18.6213,0.988039
6.80439,17.6724,0.962535
6.80939,18.977,0.997429
6.81439,17.4681,0.956956
6.81939,18.3957,0.982036
6.82439,18.8439,0.993926
6.82939,17.9267,0.969436
6.83439,18.6283,0.988225
6.83939,17.0884,0.946497
6.84439,16.2092,0.921827
6.84939,18.1924,0.976592
6.85439,17.2263,0.95031
6.85939,18.0312,0.972256
6.86439,17.9967,0.971327
6.86939,17.4223,0.955698
6.87439,16.2517,0.923034
6.87939,18.6039,0.987577
6.88439,17.8006,0.96602
6.88939,18.8899,0.995139
6.89439,19.222,1.00385
6.89939,19.5882,1.01336
6.90439,17.2818,0.951839
6.90939,17.3953,0.954958
6.91439,18.7033,0.990211
6.91939,16.4157,0.927681
6.92439,16.4514,0.928689
6.92939,17.5994,0.960544
6.93439,17.841,0.967115
6.93939,17.0871,0.946461
6.94439,16.6289,0.933686
6.94939,16.6234,0.933531
6.95439,17.5067,0.958012
6.95939,16.2026,0.921641
6.96439,16.6398,0.93399
6.96939,16.9201,0.941823
6.97439,17.7145,0.963681
6.97939,16.9197,0.941815
6.98439,15.9799,0.915284
6.98939,15.5803,0.903766
6.99439,16.253,0.923072
6.99939,15.8698,0.912125
7.00439,15.9314,0.913893
7.00939,15.3125,0.895967
7.01439,15.4175,0.899032
7.01939,18.2888,0.979177
7.02439,17.2375,0.950618
7.02939,15.5391,0.902573
7.03439,15.4365,0.899588
7.03939,14.7902,0.880553
7.04439,15.1648,0.891634
7.04939,15.1476,0.891129
7.05439,14.9845,0.886319
7.05939,15.5179,0.901955
7.06439,15.2168,0.893163
7.06939,15.2298,0.893544
7.07439,14.6414,0.876112
7.07939,16.7134,0.936056
7.08439,15.3545,0.897196
7.08939,15.0521,0.888317
7.09439,14.7411,0.879092
7.09939,13.7613,0.849373
7.10439,14.6958,0.87774
7.10939,14.6865,0.877462
7.11439,15.278,0.894957
7.11939,14.4011,0.868892
7.12439,13.1913,0.831595
7.12939,13.2164,0.832387
7.13439,13.874,0.852842
7.13939,14.6978,0.877799
7.14439,13.5197,0.841883
7.14939,13.6715,0.846597
7.15439,14.3622,0.867719
7.15939,13.2759,0.834258
7.16439,13.8486,0.852064
7.16939,14.2544,0.864456
7.17439,14.3571,0.867564
7.17939,13.3413,0.836311
7.18439,14.0627,0.858624
7.18939,13.8502,0.852111
7.19439,14.223,0.863504
7.19939,15.0515,0.888296
7.20439,14.2474,0.864244
7.20939,13.3234,0.835748
7.21439,13.8209,0.851211
7.21939,15.3373,0.89669
7.22439,14.2301,0.863719
7.22939,13.6608,0.846267
7.23439,12.8108,0.819516
7.23939,13.6686,0.846507
7.24439,14.0057,0.856883
7.24939,13.1499,0.830291
7.25439,12.1973,0.799651
7.25939,13.9061,0.853828
7.26439,14.0142,0.857141
7.26939,13.0245,0.826323
7.27439,12.8938,0.822166
7.27939,13.6472,0.845845
7.28439,12.4867,0.809081
7.28939,12.1337,0.797563
7.29439,13.8447,0.851943
7.29939,12.6894,0.815623
7.30439,13.0821,0.828148
7.30939,11.7154,0.783696
7.31439,12.1407,0.797793
7.31939,12.3048,0.803168
7.32439,11.4945,0.776273
7.32939,11.2683,0.768597
7.33439,11.3871,0.772638
7.33939,12.9052,0.822528
7.34439,12.49,0.809187
7.34939,12.9468,0.823854
7.35439,12.9568,0.824172
7.35939,12.2124,0.800147
7.36439,11.7642,0.785326
7.36939,12.0964,0.796337
7.37439,13.3758,0.837392
7.37939,12.4365,0.807455
7.38439,12.729,0.816893
7.38939,12.4032,0.806373
7.39439,11.2736,0.768775
7.39939,11.82,0.787186
7.40439,10.8987,0.755885
7.40939,10.7555,0.750905
7.41439,11.2024,0.766344
7.41939,11.6656,0.782027
7.42439,12.0528,0.7949
7.42939,11.9641,0.791971
7.43439,11.8279,0.787449
7.43939,11.6926,0.782932
7.44439,11.492,0.776187
7.44939,11.2655,0.768501
7.45439,11.4003,0.773084
7.45939,10.6424,0.746943
7.46439,10.0118,0.724478
7.46939,11.0354,0.760611
7.47439,11.8282,0.787458
7.47939,11.3685,0.772004
7.48439,10.511,0.74232
7.48939,10.9483,0.757605
7.49439,11.3437,0.771161
7.49939,12.1568,0.798321
7.50439,11.0574,0.761368
7.50939,9.95581,0.722449
7.51439,10.5111,0.742323
7.51939,10.8048,0.752622
7.52439,10.5336,0.743116
7.52939,11.4592,0.775079
7.53439,10.8925,0.755671
7.53939,11.2576,0.768231
7.54439,10.7353,0.750196
7.54939,10.5739,0.744536
7.55439,10.8106,0.752826
7.55939,12.2721,0.802098
7.56439,10.9047,0.756093
7.56939,11.2422,0.767703
7.57439,9.78728,0.716308
7.57939,9.76438,0.715469
7.58439,9.81201,0.717212
7.58939,9.83857,0.718182
7.59439,10.3134,0.735308
7.59939,9.47963,0.70496
7.60439,11.4938,0.776247
7.60939,11.053,0.761217
7.61439,9.79198,0.71648
7.61939,9.26175,0.696811
7.62439,9.12665,0.691711
7.62939,9.6243,0.710319
7.63439,9.94594,0.72209
7.63939,10.0471,0.725754
7.64439,9.23705,0.695881
7.64939,10.3815,0.737732
7.65439,9.76909,0.715642
7.65939,9.59378,0.709192
7.66439,9.60437,0.709583
7.66939,10.0495,0.72584
7.67439,9.2624,0.696836
7.67939,8.70482,0.675536
7.68439,8.54449,0.669286
7.68939,9.32987,0.699369
7.69439,8.85023,0.681155
7.69939,8.73621,0.676753
7.70439,9.09262,0.69042
7.70939,8.39238,0.663302
7.71439,8.79464,0.679012
7.71939,9.87391,0.719471
7.72439,9.24039,0.696007
7.72939,8.6795,0.674553
7.73439,9.21129,0.694911
7.73939,9.26558,0.696956
7.74439,9.11599,0.691306
7.74939,8.58019,0.670683
7.75439,9.33923,0.69972
7.75939,9.61651,0.710031
7.76439,10.3238,0.735678
7.76939,9.07223,0.689645
7.77439,8.85363,0.681286
7.77939,8.92993,0.684215
7.78439,8.58936,0.671041
7.78939,9.30372,0.698388
7.79439,8.55206,0.669582
7.79939,8.55872,0.669843
7.80439,8.77349,0.678195
7.80939,9.31774,0.698914
7.81439,8.76983,0.678054
7.81939,8.44557,0.665401
7.82439,7.70785,0.635675
7.82939,9.41713,0.702632
7.83439,8.61103,0.671887
7.83939,8.47335,0.666494
7.84439,8.69099,0.674999
7.84939,8.04433,0.649402
7.85439,8.82307,0.680109
7.85939,8.30227,0.659731
7.86439,8.23075,0.656884
7.86939,8.62107,0.672278
7.87439,8.75924,0.677645
7.87939,8.14352,0.653393
7.88439,7.09572,0.609911
7.88939,8.30747,0.659938
7.89439,8.60792,0.671766
7.89939,7.55987,0.629544
7.90439,8.07109,0.650481
7.90939,8.59914,0.671423
7.91439,8.16822,0.654383
7.91939,8.65839,0.673732
7.92439,8.55413,0.669664
7.92939,8.3522,0.661712
7.93439,7.18777,0.613855
7.93939,7.50996,0.627462
7.94439,7.28581,0.618027
7.94939,7.20032,0.614391
7.95439,7.4111,0.623319
7.95939,8.11568,0.652275
7.96439,7.6221,0.63213
7.96939,7.13479,0.611589
7.97439,8.06216,0.650121
7.97939,8.11636,0.652303
7.98439,8.62068,0.672263
7.98939,8.13262,0.652956
7.99439,7.21176,0.614879
7.99939,7.36937,0.621561
8.00439,7.97421,0.646565
8.00939,7.95527,0.645797
8.01439,9.02542,0.687864
8.01939,8.24071,0.657281
8.02439,6.45782,0.581851
8.02939,6.5065,0.58404
8.03439,7.36145,0.621227
8.03939,7.09509,0.609885
8.04439,6.85575,0.59951
8.04939,7.24124,0.616134
8.05439,7.06306,0.608506
8.05939,7.51566,0.6277
8.06439,7.75169,0.63748
8.06939,7.57577,0.630205
8.07439,7.85465,0.6417
8.07939,7.07437,0.608993
8.08439,6.709,0.593059
8.08939,7.6014,0.63127
8.09439,7.01806,0.606565
8.09939,6.79983,0.597059
8.10439,6.09451,0.565247
8.10939,7.3629,0.621288
8.11439,6.61876,0.589057
8.11939,6.29221,0.574342
8.12439,7.46284,0.625491
8.12939,6.93983,0.603175
8.13439,7.47483,0.625993
8.13939,6.57699,0.587195
8.14439,7.23587,0.615906
8.14939,7.1957,0.614193
8.15439,6.65486,0.590661
8.15939,6.98257,0.605029
8.16439,6.39363,0.578952
8.16939,6.67225,0.591432
8.17439,6.85668,0.59955
8.17939,5.99242,0.560492
8.18439,6.82514,0.59817
8.18939,6.9594,0.604024
8.19439,7.29089,0.618243
8.19939,7.01783,0.606555
8.20439,5.98768,0.560271
8.20939,6.4163,0.579977
8.21439,6.38016,0.578341
8.21939,6.46244,0.582059
8.22439,6.47817,0.582767
8.22939,6.01895,0.561732
8.23439,5.79172,0.551026
8.23939,6.10472,0.56572
8.24439,6.57108,0.586931
8.24939,6.34705,0.576839
8.25439,6.05965,0.563628
8.25939,6.65449,0.590645
8.26439,6.56717,0.586756
8.26939,6.31011,0.575158
8.27439,5.8556,0.554057
8.27939,5.30089,0.527161
8.28439,5.807,0.551753
8.28939,6.1052,0.565742
8.29439,6.10678,0.565816
8.29939,6.25484,0.572633
8.30439,7.08598,0.609493
8.30939,6.58497,0.587551
8.31439,6.21329,0.570729
8.31939,5.75567,0.549309
8.32439,5.92004,0.557097
8.32939,6.62584,0.589372
8.33439,6.04899,0.563132
8.33939,6.07693,0.564431
8.34439,5.4676,0.535386
8.34939,6.57694,0.587193
8.35439,5.4637,0.535195
8.35939,5.99936,0.560817
8.36439,6.44466,0.581258
8.36939,5.94788,0.558406
8.37439,5.67563,0.545476
8.37939,5.69408,0.546362
8.38439,5.59724,0.541696
8.38939,5.5775,0.54074
8.39439,5.79556,0.551209
8.39939,5.50657,0.537291
8.40439,6.06975,0.564097
8.40939,5.2213,0.523188
8.41439,5.64113,0.543816
8.41939,6.05431,0.56338
8.42439,5.38827,0.531488
8.42939,5.05837,0.51496
8.43439,5.53107,0.538485
8.43939,4.95882,0.509868
8.44439,5.04279,0.514167
8.44939,5.2783,0.526036
8.45439,5.17301,0.520763
8.45939,4.98075,0.510995
8.46439,5.05933,0.515009
8.46939,4.80507,0.501901
8.47439,4.3603,0.478109
8.47939,5.69257,0.54629
8.48439,6.05636,0.563475
8.48939,5.67927,0.545651
8.49439,5.05312,0.514693
8.49939,5.58283,0.540998
8.50439,5.28487,0.526364
8.50939,5.77933,0.550437
8.51439,4.80295,0.501791
8.51939,4.45193,0.483107
8.52439,5.08398,0.516262
8.52939,4.55529,0.488682
8.53439,5.09993,0.517072
8.53939,4.39276,0.479885
8.54439,4.89811,0.506737
8.54939,4.92493,0.508123
8.55439,4.34871,0.477473
8.55939,5.24101,0.524175
8.56439,4.87271,0.505422
8.56939,5.11981,0.518079
8.57439,4.89995,0.506833
8.57939,5.59526,0.5416
8.58439,5.35235,0.529713
8.58939,5.40658,0.53239
8.59439,3.9614,0.455715
8.59939,4.74329,0.498664
8.60439,5.46273,0.535147
8.60939,5.66978,0.545195
8.61439,4.70707,0.496757
8.61939,4.57392,0.489681
8.62439,4.66142,0.494342
8.62939,4.5491,0.48835
8.63439,4.5423,0.487985
8.63939,4.54659,0.488215
8.64439,4.89121,0.50638
8.64939,4.43174,0.48201
8.65439,4.05909,0.4613
8.65939,5.19646,0.521942
8.66439,5.17363,0.520794
8.66939,5.49049,0.536505
8.67439,4.78181,0.500685
8.67939,4.38255,0.479327
8.68439,4.12354,0.464947
8.68939,4.34964,0.477524
8.69439,5.00538,0.512256
8.69939,4.21987,0.470347
8.70439,5.44134,0.534099
8.70939,4.90864,0.507282
8.71439,5.03388,0.513712
8.71939,4.85636,0.504573
8.72439,4.21851,0.470271
8.72939,4.24641,0.471824
8.73439,4.46007,0.483548
8.73939,4.04124,0.460284
8.74439,4.19805,0.469129
8.74939,4.81016,0.502168
8.75439,4.36518,0.478376
8.75939,4.10371,0.463828
8.76439,3.96981,0.456198
8.76939,4.79292,0.501267
8.77439,5.13346,0.518769
8.77939,3.97194,0.456321
8.78439,4.32055,0.475925
8.78939,4.53581,0.487636
8.79439,4.29779,0.47467
8.79939,4.30899,0.475287
8.80439,4.13822,0.465774
8.80939,4.38187,0.47929
8.81439,4.75946,0.499514
8.81939,4.48739,0.485026
8.82439,3.95616,0.455413
8.82939,3.75972,0.443963
8.83439,3.79141,0.44583
8.83939,4.02122,0.459143
8.84439,4.01125,0.458573
8.84939,4.49518,0.485447
8.85439,4.47407,0.484306
8.85939,4.25851,0.472495
8.86439,3.89252,0.451735
8.86939,4.73182,0.498061
8.87439,4.60735,0.491467
8.87939,4.65207,0.493846
8.88439,4.16065,0.467035
8.88939,4.30652,0.475151
8.89439,3.7943,0.446
8.89939,4.21336,0.469984
8.90439,3.88076,0.451052
8.90939,4.53371,0.487524
8.91439,4.19699,0.46907
8.91939,3.84974,0.449246
8.92439,4.17749,0.467979
8.92939,3.90863,0.452669
8.93439,3.80027,0.44635
8.93939,3.7024,0.440565
8.94439,3.67691,0.439046
8.94939,3.87667,0.450815
8.95439,3.83849,0.448589
8.95939,4.31167,0.475435
8.96439,3.86976,0.450413
8.96939,4.03727,0.460058
8.97439,4.39195,0.479841
8.97939,4.14441,0.466123
8.98439,3.99482,0.457633
8.98939,4.58855,0.490463
8.99439,4.41589,0.481147
8.99939,3.9905,0.457386
9.00439,3.27773,0.414529
9.00939,3.3226,0.417357
9.01439,3.2701,0.414047
9.01939,4.39177,0.479831
9.02439,3.61778,0.435502
9.02939,2.69582,0.375936
9.03439,3.23476,0.411803
9.03939,3.29998,0.415934
9.04439,3.55983,0.432
9.04939,3.58073,0.433266
9.05439,3.7655,0.444304
9.05939,3.87743,0.450859
9.06439,3.66406,0.438279
9.06939,4.00407,0.458163
9.07439,3.82806,0.447979
9.07939,3.69331,0.440024
9.08439,3.20345,0.409805
9.08939,3.17691,0.408104
9.09439,3.70858,0.440933
9.09939,4.24617,0.47181
9.10439,3.60102,0.434492
9.10939,3.0884,0.402379
9.11439,2.9927,0.396096
9.11939,3.35675,0.419496
9.12439,3.55386,0.431637
9.12939,3.68545,0.439556
9.13439,2.88255,0.388738
9.13939,3.22144,0.410954
9.14439,3.5692,0.432568
9.14939,3.47588,0.426876
9.15439,3.15692,0.406818
9.15939,3.76905,0.444513
9.16439,3.45015,0.425292
9.16939,3.3525,0.419231
9.17439,2.67798,0.37469
9.17939,2.91295,0.390783
9.18439,2.88034,0.388589
9.18939,3.00602,0.396977
9.19439,3.32235,0.417341
9.19939,3.85295,0.449433
9.20439,3.18653,0.408722
9.20939,3.09348,0.40271
9.21439,3.30001,0.415936
9.21939,3.37193,0.420444
9.22439,3.0885,0.402386
9.22939,2.71559,0.377312
9.23439,2.80711,0.383618
9.23939,3.27556,0.414392
9.24439,3.15753,0.406857
9.24939,2.92258,0.391428
9.25439,3.34182,0.418562
9.25939,3.3836,0.421171
9.26439,3.02373,0.398144
9.26939,2.99473,0.39623
9.27439,3.12571,0.404803
9.27939,3.32025,0.41721
9.28439,2.97618,0.395001
9.28939,3.11085,0.403839
9.29439,3.38167,0.42105
9.29939,3.52453,0.429852
9.30439,2.68879,0.375446
9.30939,3.34649,0.418855
9.31439,3.26064,0.413447
9.31939,2.77059,0.381114
9.32439,3.47096,0.426573
9.32939,2.69087,0.375591
9.33439,3.06181,0.400643
9.33939,2.72983,0.3783
9.34439,2.80976,0.383799
9.34939,3.07864,0.401743
9.35439,2.57529,0.367436
9.35939,2.78274,0.381949
9.36439,3.22925,0.411452
9.36939,2.78214,0.381907
9.37439,2.44925,0.358332
9.37939,1.89274,0.315002
9.38439,3.01496,0.397566
9.38939,3.01579,0.397621
9.39439,2.33656,0.349991
9.39939,2.28605,0.346188
9.40439,3.22651,0.411278
9.40939,2.98853,0.39582
9.41439,2.3757,0.35291
9.41939,2.7344,0.378617
9.42439,2.52655,0.363943
9.42939,1.77336,0.304907
9.43439,2.28026,0.345749
9.43939,2.96456,0.394229
9.44439,2.8158,0.38421
9.44939,2.8179,0.384354
9.45439,3.20794,0.410093
9.45939,2.54223,0.36507
9.46439,2.57733,0.367582
9.46939,2.53866,0.364814
9.47439,2.96062,0.393967
9.47939,3.11512,0.404116
9.48439,2.49785,0.361869
9.48939,2.26894,0.34489
9.49439,2.38899,0.353896
9.49939,2.72688,0.378096
9.50439,2.70879,0.37684
9.50939,2.17484,0.337662
9.51439,2.32124,0.348842
9.51939,2.7452,0.379364
9.52439,3.1195,0.4044
9.52939,2.74417,0.379292
9.53439,2.17445,0.337632
9.53939,2.68128,0.374921
9.54439,2.512,0.362893
9.54939,2.43978,0.357639
9.55439,2.26712,0.344752
9.55939,2.07083,0.329489
9.56439,2.11428,0.332928
9.56939,2.2625,0.3444
9.57439,2.68061,0.374874
9.57939,2.47369,0.360115
9.58439,2.21099,0.340457
9.58939,2.56433,0.366653
9.59439,2.57204,0.367204
9.59939,2.1113,0.332693
9.60439,2.53115,0.364273
9.60939,2.51817,0.363338
9.61439,2.49346,0.361551
9.61939,2.53132,0.364286
9.62439,2.43309,0.357147
9.62939,2.98803,0.395786
9.63439,2.47829,0.36045
9.63939,2.30528,0.34764
9.64439,2.45475,0.358734
9.64939,2.09263,0.331219
9.65439,2.44687,0.358158
9.65939,2.27552,0.345389
9.66439,2.38854,0.353863
9.66939,2.5767,0.367537
9.67439,2.62104,0.370685
9.67939,1.90038,0.315638
9.68439,2.1604,0.336539
9.68939,2.09022,0.331028
9.69439,2.24429,0.343011
9.69939,1.92369,0.317568
9.70439,1.934,0.318417
9.70939,2.16778,0.337114
9.71439,2.05447,0.328185
9.71939,1.99705,0.323566
9.72439,1.69527,0.298118
9.72939,2.08215,0.330388
9.73439,2.28474,0.346089
9.73939,2.58031,0.367794
9.74439,2.51642,0.363212
9.74939,2.13197,0.334317
9.75439,1.66211,0.295188
9.75939,1.76119,0.303859
9.76439,1.79821,0.307036
9.76939,2.3174,0.348553
9.77439,1.81744,0.308673
9.77939,2.24509,0.343072
9.78439,2.47356,0.360106
9.78939,2.18671,0.338582
9.79439,2.21191,0.340528
9.79939,2.04915,0.32776
9.80439,2.33521,0.34989
9.80939,1.87247,0.313311
9.81439,1.84493,0.310999
9.81939,2.00711,0.32438
9.82439,2.32288,0.348965
9.82939,1.77113,0.304715
9.83439,1.82307,0.309151
9.83939,1.737,0.301765
9.84439,2.06888,0.329334
9.84939,2.46656,0.359596
9.85439,1.86209,0.312441
9.85939,1.57365,0.287225
9.86439,2.2074,0.34018
9.86939,2.0566,0.328355
9.87439,1.78309,0.305742
9.87939,2.07754,0.330023
9.88439,2.71042,0.376953
9.88939,2.06419,0.32896
9.89439,2.25442,0.343785
9.89939,2.19784,0.339443
9.90439,2.74286,0.379202
9.90939,2.20902,0.340305
9.91439,2.04445,0.327383
9.91939,1.98322,0.322444
9.92439,2.11422,0.332923
9.92939,1.62054,0.291473
9.93439,1.65297,0.294375
9.93939,2.23197,0.342068
9.94439,1.80528,0.307639
9.94939,1.69049,0.297697
9.95439,1.92994,0.318083
9.95939,1.79621,0.306865
9.96439,1.84893,0.311336
9.96939,1.64341,0.293523
9.97439,1.94563,0.319374
9.97939,1.65121,0.294218
9.98439,2.4757,0.360262
9.98939,1.86799,0.312936
9.99439,1.71147,0.299539
9.99939,1.81452,0.308425
10.0044,1.43852,0.274617
10.0094,1.91183,0.316588
10.0144,2.13146,0.334277
10.0194,2.08462,0.330584
10.0244,1.74996,0.302889
10.0294,1.84723,0.311193
10.0344,1.59445,0.289117
10.0394,2.03465,0.326598
10.0444,1.94185,0.319063
10.0494,2.04973,0.327806
10.0544,1.81815,0.308733
10.0594,2.22961,0.341887
10.0644,1.81322,0.308314
10.0694,1.62662,0.292019
10.0744,1.90262,0.315823
10.0794,1.90998,0.316434
10.0844,1.79933,0.307132
10.0894,1.8683,0.312962
10.0944,2.27198,0.34512
10.0994,2.15674,0.336254
10.1044,1.64,0.293218
10.1094,1.70187,0.298698
10.1144,1.93236,0.318282
10.1194,2.0064,0.324323
10.1244,1.90904,0.316356
10.1294,1.63043,0.292361
10.1344,1.29808,0.260867
10.1394,1.83864,0.310468
10.1444,1.67272,0.296129
10.1494,1.68015,0.296786
10.1544,1.6832,0.297055
10.1594,1.46654,0.277278
10.1644,1.65434,0.294497
10.1694,1.6444,0.293611
10.1744,1.85146,0.311549
10.1794,2.19222,0.339009
10.1844,1.36547,0.267553
10.1894,1.43168,0.273963
10.1944,1.81034,0.308069
10.1994,1.98532,0.322614
10.2044,1.60749,0.290297
10.2094,1.62059,0.291478
10.2144,1.50044,0.280465
10.2194,1.26705,0.25773
10.2244,1.73699,0.301764
10.2294,1.64921,0.29404
10.2344,1.59245,0.288936
10.2394,1.48525,0.279041
10.2444,1.48414,0.278937
10.2494,1.60597,0.29016
10.2544,1.7603,0.303782
10.2594,1.55046,0.285101
10.2644,1.33459,0.26451
10.2694,1.18848,0.249612
10.2744,1.51576,0.281893
10.2794,1.7783,0.305332
10.2844,1.74136,0.302143
10.2894,1.64122,0.293327
10.2944,1.59972,0.289595
10.2994,1.69052,0.2977
10.3044,1.77572,0.30511
10.3094,1.26925,0.257954
10.3144,1.46209,0.276858
10.3194,1.11264,0.241516
10.3244,1.46915,0.277525
10.3294,1.91544,0.316886
10.3344,1.70174,0.298686
10.3394,1.60112,0.289721
10.3444,1.3021,0.261271
10.3494,1.61441,0.290921
10.3544,1.54002,0.284139
10.3594,1.43709,0.27448
10.3644,1.36634,0.267638
10.3694,1.23866,0.254826
10.3744,1.78556,0.305954
10.3794,1.47412,0.277993
10.3844,1.61347,0.290837
10.3894,1.60139,0.289746
10.3944,2.04927,0.327769
10.3994,1.9741,0.321701
10.4044,1.34202,0.265245
10.4094,1.49255,0.279726
10.4144,1.40884,0.271769
10.4194,1.11635,0.241919
10.4244,1.26379,0.257398
10.4294,1.21351,0.252227
10.4344,1.39483,0.270414
10.4394,1.11947,0.242256
10.4444,1.27794,0.258835
10.4494,1.54818,0.284892
10.4544,1.51112,0.281461
10.4594,1.28885,0.259938
10.4644,1.36594,0.267599
10.4694,1.32142,0.263202
10.4744,1.20466,0.251304
10.4794,1.03044,0.232423
10.4844,1.41415,0.27228
10.4894,1.45971,0.276631
10.4944,1.52633,0.282874
10.4994,1.0886,0.238893
10.5044,1.1338,0.243802
10.5094,1.12865,0.243247
10.5144,1.03789,0.233262
10.5194,1.30953,0.262015
10.5244,1.09661,0.23977
10.5294,1.18327,0.249064
10.5344,1.12728,0.2431
10.5394,1.4411,0.274863
10.5444,1.71758,0.300073
10.5494,1.44094,0.274848
10.5544,0.956861,0.223972
10.5594,1.14509,0.245013
10.5644,1.27178,0.258211
10.5694,1.38785,0.269737
10.5744,1.15574,0.246149
10.5794,1.09864,0.239992
10.5844,0.92033,0.219655
10.5894,1.25296,0.256294
10.5944,1.08285,0.238261
10.5994,1.01293,0.23044
10.6044,1.18814,0.249576
10.6094,0.911284,0.218573
10.6144,1.32502,0.26356
10.6194,1.31144,0.262206
10.6244,1.24593,0.255573
10.6294,1.0692,0.236754
10.6344,1.18211,0.248941
10.6394,1.39,0.269946
10.6444,1.69128,0.297767
10.6494,1.05135,0.23477
10.6544,1.28609,0.25966
10.6594,1.02915,0.232278
10.6644,0.898893,0.217081
10.6694,1.14487,0.244989
10.6744,1.31474,0.262535
10.6794,1.14709,0.245227
10.6844,1.11605,0.241885
10.6894,1.02037,0.231286
10.6944,1.20633,0.251479
10.6994,1.22847,0.253776
10.7044,0.947343,0.222855
10.7094,1.13819,0.244273
10.7144,1.7204,0.300319
10.7194,1.34612,0.26565
10.7244,1.06969,0.236809
10.7294,1.13648,0.244089
10.7344,1.3176,0.262821
10.7394,0.998231,0.228762
10.7444,0.856907,0.211951
10.7494,1.33618,0.264668
10.7544,1.27429,0.258466
10.7594,1.06129,0.235877
10.7644,0.637002,0.182742
10.7694,1.00647,0.229704
10.7744,1.03083,0.232468
10.7794,1.20731,0.251581
10.7844,1.25603,0.256607
10.7894,0.912987,0.218777
10.7944,1.10715,0.240919
10.7994,0.919525,0.219559
10.8044,0.916951,0.219251
10.8094,1.28129,0.259175
10.8144,1.20184,0.25101
10.8194,1.12285,0.242622
10.8244,1.04727,0.234313
10.8294,1.06722,0.236535
10.8344,1.54838,0.28491
10.8394,1.12355,0.242697
10.8444,1.12279,0.242615
10.8494,1.07538,0.237438
10.8544,1.39179,0.270119
10.8594,1.07963,0.237906
10.8644,0.934638,0.221356
10.8694,1.24423,0.255399
10.8744,1.00532,0.229573
10.8794,1.13056,0.243453
10.8844,0.969382,0.225432
10.8894,0.950574,0.223235
10.8944,0.950584,0.223236
10.8994,1.06538,0.236331
10.9044,0.816883,0.206942
10.9094,1.01485,0.230659
10.9144,1.21668,0.252555
10.9194,1.01624,0.230816
10.9244,0.977539,0.226379
10.9294,0.995738,0.228476
10.9344,0.799417,0.204718
10.9394,0.865131,0.212966
10.9444,1.07745,0.237667
10.9494,0.878548,0.214611
10.9544,0.675036,0.188119
10.9594,1.02579,0.231899
10.9644,1.38351,0.269314
10.9694,1.08833,0.238863
10.9744,1.46522,0.277153
10.9794,0.908576,0.218247
10.9844,0.667652,0.187087
10.9894,1.28587,0.259637
10.9944,0.752424,0.198609
10.9994,1.00264,0.229267
11.0044,0.928677,0.220648
11.0094,0.924867,0.220195
11.0144,0.622867,0.180703
11.0194,0.796999,0.204408
11.0244,0.765889,0.200379
11.0294,0.774357,0.201483
11.0344,0.832114,0.208862
11.0394,0.793071,0.203903
11.0444,0.823978,0.207839
11.0494,0.898949,0.217088
11.0544,0.694638,0.190831
11.0594,1.05836,0.235551
11.0644,1.07729,0.237649
11.0694,0.759142,0.199494
11.0744,0.935006,0.221399
11.0794,0.902271,0.217489
11.0844,1.00348,0.229363
11.0894,0.763125,0.200017
11.0944,0.641667,0.18341
11.0994,0.872924,0.213923
11.1044,0.712764,0.193304
11.1094,0.753679,0.198775
11.1144,0.545697,0.169139
11.1194,0.677171,0.188416
11.1244,0.853952,0.211585
11.1294,0.917376,0.219302
11.1344,1.01821,0.23104
11.1394,0.816227,0.206859
11.1444,0.885664,0.215478
11.1494,0.85814,0.212103
11.1544,0.866324,0.213113
11.1594,0.908754,0.218269
11.1644,0.643121,0.183618
11.1694,0.607448,0.178453
11.1744,0.72074,0.194383
11.1794,0.776906,0.201815
11.1844,0.956632,0.223945
11.1894,0.799865,0.204775
11.1944,1.05793,0.235503
11.1994,0.736031,0.196434
11.2044,0.543091,0.168735
11.2094,0.621945,0.18057
11.2144,0.712646,0.193288
11.2194,0.617073,0.179861
11.2244,0.542892,0.168704
11.2294,0.74796,0.198019
11.2344,0.700263,0.191602
11.2394,0.752924,0.198675
11.2444,0.92623,0.220358
11.2494,0.889339,0.215925
11.2544,0.871107,0.2137
11.2594,0.73247,0.195958
11.2644,0.57349,0.173393
11.2694,1.09334,0.239412
11.2744,0.967159,0.225174
11.2794,0.808368,0.205861
11.2844,1.03233,0.232636
11.2894,1.00328,0.22934
11.2944,0.862959,0.212698
11.2994,0.620432,0.18035
11.3044,0.835487,0.209285
11.3094,0.838728,0.209691
11.3144,0.809463,0.206
11.3194,0.716739,0.193843
11.3244,0.740271,0.196999
11.3294,0.685178,0.189527
11.3344,0.573661,0.173419
11.3394,0.732812,0.196004
11.3444,0.628941,0.181582
11.3494,0.854288,0.211627
11.3544,0.794422,0.204077
11.3594,0.660307,0.186055
11.3644,0.49469,0.161041
11.3694,0.329771,0.131485
11.3744,0.663352,0.186484
11.3794,0.855957,0.211834
11.3844,0.753147,0.198705
11.3894,0.773869,0.20142
11.3944,0.611682,0.179074
11.3994,0.702534,0.191912
11.4044,0.446325,0.152966
11.4094,0.730734,0.195726
11.4144,0.578819,0.174197
11.4194,0.408591,0.146357
11.4244,0.542973,0.168717
11.4294,0.771553,0.201118
11.4344,0.839152,0.209744
11.4394,0.973815,0.225947
11.4444,0.556434,0.170795
11.4494,0.440512,0.151966
11.4544,0.358518,0.137096
11.4594,0.742251,0.197262
11.4644,0.6067,0.178343
11.4694,0.569945,0.172856
11.4744,0.549443,0.169719
11.4794,0.57258,0.173255
11.4844,0.556815,0.170854
11.4894,0.795802,0.204254
11.4944,0.624233,0.180901
11.4994,0.811953,0.206317
11.5044,0.776088,0.201708
11.5094,0.759875,0.19959
11.5144,0.375352,0.140278
11.5194,0.608279,0.178575
11.5244,0.839911,0.209839
11.5294,0.919238,0.219524
11.5344,0.801085,0.204931
11.5394,0.719298,0.194188
11.5444,0.628338,0.181495
11.5494,0.464656,0.156075
11.5544,0.687365,0.189829
11.5594,0.787764,0.20322
11.5644,0.44469,0.152685
11.5694,0.669932,0.187406
11.5744,0.587974,0.175569
11.5794,0.904279,0.217731
11.5844,0.871741,0.213778
11.5894,0.501984,0.162223
11.5944,0.732054,0.195903
11.5994,0.463427,0.155869
11.6044,0.635778,0.182567
11.6094,0.896004,0.216732
11.6144,0.643157,0.183623
11.6194,0.765749,0.20036
11.6244,0.514413,0.16422
11.6294,0.552441,0.170181
11.6344,0.442308,0.152276
11.6394,0.381276,0.14138
11.6444,0.680297,0.18885
11.6494,0.840071,0.209859
11.6544,0.768842,0.200765
11.6594,0.604614,0.178036
11.6644,0.774842,0.201547
11.6694,0.565772,0.172222
11.6744,0.527642,0.166318
11.6794,0.596756,0.176875
11.6844,0.712401,0.193255
11.6894,0.667181,0.187021
11.6944,0.429148,0.149993
11.6994,0.487012,0.159786
11.7044,0.589239,0.175758
11.7094,0.618591,0.180082
11.7144,0.674717,0.188074
11.7194,0.459657,0.155234
11.7244,0.403437,0.145431
11.7294,0.503731,0.162506
11.7344,0.547697,0.169449
11.7394,0.581262,0.174564
11.7444,0.539901,0.168239
11.7494,0.589622,0.175815
11.7544,0.823074,0.207725
11.7594,0.667464,0.187061
11.7644,0.739432,0.196887
11.7694,0.546809,0.169311
11.7744,0.604204,0.177976
11.7794,0.592974,0.176314
11.7844,0.59695,0.176904
11.7894,0.526193,0.166089
11.7944,0.417055,0.147865
11.7994,0.519401,0.165014
11.8044,0.73741,0.196618
11.8094,0.732522,0.195965
11.8144,0.504522,0.162633
11.8194,0.448089,0.153268
11.8244,0.313877,0.128277
11.8294,0.524532,0.165827
11.8344,0.50994,0.163504
11.8394,0.421152,0.14859
11.8444,0.505933,0.16286
11.8494,0.473288,0.157518
11.8544,0.272502,0.119524
11.8594,0.434691,0.150959
11.8644,0.844748,0.210442
11.8694,0.850872,0.211203
11.8744,0.615928,0.179694
11.8794,0.49774,0.161536
11.8844,0.546379,0.169245
11.8894,0.584855,0.175103
11.8944,0.362098,0.137779
11.8994,0.493574,0.160859
11.9044,0.477193,0.158167
11.9094,0.510607,0.163611
11.9144,0.591,0.17602
11.9194,0.548389,0.169556
11.9244,0.382346,0.141578
11.9294,0.386648,0.142373
11.9344,0.356362,0.136683
11.9394,0.342191,0.133938
11.9444,0.515231,0.16435
11.9494,0.346045,0.13469
11.9544,0.417222,0.147895
11.9594,0.62027,0.180326
11.9644,0.5547,0.170529
11.9694,0.591576,0.176106
11.9744,0.529151,0.166555
11.9794,0.542152,0.168589
11.9844,0.48756,0.159876
11.9894,0.306131,0.126684
11.9944,0.483598,0.159225
11.9994,0.750546,0.198361
12.0044,0.384392,0.141957
12.0094,0.281361,0.121451
12.0144,0.405046,0.145721
12.0194,0.434827,0.150983
12.0244,0.383748,0.141838
12.0294,0.447533,0.153173
12.0344,0.330348,0.1316
12.0394,0.495471,0.161168
12.0444,0.465491,0.156216
12.0494,0.296103,0.124592
12.0544,0.365194,0.138366
12.0594,0.33579,0.132679
12.0644,0.309491,0.127378
12.0694,0.388305,0.142677
12.0744,0.513902,0.164138
12.0794,0.427783,0.149755
12.0844,0.38434,0.141947
12.0894,0.343516,0.134197
12.0944,0.355448,0.136508
12.0994,0.214742,0.106103
12.1044,0.314054,0.128313
12.1094,0.45671,0.154735
12.1144,0.519399,0.165013
12.1194,0.537768,0.167906
12.1244,0.277118,0.120532
12.1294,0.32531,0.130592
12.1344,0.232513,0.110406
12.1394,0.330466,0.131623
12.1444,0.392416,0.143431
12.1494,0.355618,0.13654
12.1544,0.422506,0.148828
12.1594,0.539998,0.168254
12.1644,0.456088,0.15463
12.1694,0.383448,0.141782
12.1744,0.468148,0.156661
12.1794,0.632581,0.182107
12.1844,0.319147,0.129349
12.1894,0.211333,0.105257
12.1944,0.181996,0.0976787
12.1994,0.327703,0.131072
12.2044,0.445749,0.152867
12.2094,0.181237,0.0974746
12.2144,0.326415,0.130814
12.2194,0.576944,0.173914
12.2244,0.367044,0.138716
12.2294,0.425458,0.149347
12.2344,0.284438,0.122113
12.2394,0.247309,0.113864
12.2444,0.198739,0.102073
12.2494,0.318993,0.129318
12.2544,0.488342,0.160004
12.2594,0.472329,0.157359
12.2644,0.431837,0.150463
12.2694,0.420519,0.148478
12.2744,0.436563,0.151284
12.2794,0.382143,0.141541
12.2844,0.284334,0.122091
12.2894,0.246338,0.113641
12.2944,0.344364,0.134362
12.2994,0.436445,0.151263
12.3044,0.457607,0.154887
12.3094,0.430038,0.150149
12.3144,0.539749,0.168215
12.3194,0.584404,0.175035
12.3244,0.269957,0.118964
12.3294,0.262313,0.117268
12.3344,0.312888,0.128075
12.3394,0.309815,0.127444
12.3444,0.396351,0.144148
12.3494,0.260455,0.116852
12.3544,0.264509,0.117757
12.3594,0.306898,0.126843
12.3644,0.255755,0.115793
12.3694,0.28118,0.121412
12.3744,0.37945,0.141041
12.3794,0.342598,0.134017
12.3844,0.274859,0.120039
12.3894,0.293116,0.123962
12.3944,0.318076,0.129132
12.3994,0.344762,0.13444
12.4044,0.296467,0.124669
12.4094,0.407963,0.146244
12.4144,0.522811,0.165555
12.4194,0.423974,0.149087
12.4244,0.398537,0.144545
12.4294,0.448574,0.153351
12.4344,0.369463,0.139173
12.4394,0.476101,0.157986
12.4444,0.267122,0.118338
12.4494,0.203835,0.103373
12.4544,0.192006,0.100329
12.4594,0.346601,0.134798
12.4644,0.315854,0.12868
12.4694,0.404066,0.145544
12.4744,0.353539,0.136141
12.4794,0.425106,0.149285
12.4844,0.344742,0.134436
12.4894,0.428397,0.149862
12.4944,0.297456,0.124876
12.4994,0.177954,0.0965878
12.5044,0.359217,0.137229
12.5094,0.317368,0.128988
12.5144,0.29176,0.123675
12.5194,0.479821,0.158602
12.5244,0.241896,0.112612
12.5294,0.193337,0.100676
12.5344,0.204119,0.103445
12.5394,0.412441,0.147045
12.5444,0.297824,0.124954
12.5494,0.176847,0.096287
12.5544,0.184067,0.0982329
12.5594,0.140693,0.0858827
12.5644,0.200069,0.102414
12.5694,0.158776,0.0912349
12.5744,0.289378,0.123169
12.5794,0.120725,0.0795549
12.5844,0.22147,0.107752
12.5894,0.2036,0.103314
12.5944,0.269349,0.11883
12.5994,0.29588,0.124545
12.6044,0.618826,0.180116
12.6094,0.418199,0.148068
12.6144,0.288835,0.123053
12.6194,0.241888,0.11261
12.6244,0.164174,0.0927729
12.6294,0.263859,0.117613
12.6344,0.165813,0.0932348
12.6394,0.407477,0.146157
12.6444,0.327874,0.131106
12.6494,0.311714,0.127834
12.6544,0.436241,0.151228
12.6594,0.376389,0.140471
12.6644,0.253581,0.115299
12.6694,0.403667,0.145472
12.6744,0.393431,0.143616
12.6794,0.310998,0.127687
12.6844,0.467485,0.15655
12.6894,0.190057,0.0998183
12.6944,0.239057,0.111949
12.6994,0.154666,0.0900462
12.7044,0.329046,0.13134
12.7094,0.380705,0.141274
12.7144,0.184886,0.0984512
12.7194,0.262028,0.117204
12.7244,0.180359,0.0972384
12.7294,0.171359,0.0947813
12.7344,0.145885,0.087453
12.7394,0.237028,0.111473
12.7444,0.228119,0.109358
12.7494,0.29035,0.123376
12.7544,0.291922,0.123709
12.7594,0.269093,0.118774
12.7644,0.199223,0.102197
12.7694,0.360504,0.137475
12.7744,0.280403,0.121244
12.7794,0.157184,0.0907764
12.7844,0.21924,0.107208
12.7894,0.263657,0.117568
12.7944,0.418808,0.148175
12.7994,0.270252,0.119029
12.8044,0.121749,0.0798917
12.8094,0.296747,0.124727
12.8144,0.146918,0.0877619
12.8194,0.194399,0.100952
12.8244,0.265612,0.118003
12.8294,0.182965,0.0979384
12.8344,0.181367,0.0975097
12.8394,0.130524,0.0827207
12.8444,0.245619,0.113475
12.8494,0.151548,0.089134
12.8544,0.189605,0.0996997
12.8594,0.282627,0.121724
12.8644,0.287921,0.122859
12.8694,0.264252,0.1177
12.8744,0.205382,0.103765
12.8794,0.176157,0.096099
12.8844,0.302211,0.12587
12.8894,0.459534,0.155213
12.8944,0.27626,0.120345
12.8994,0.264881,0.11784
12.9044,0.273317,0.119702
12.9094,0.120138,0.0793613
12.9144,0.282907,0.121784
12.9194,0.176097,0.0960826
12.9244,0.159083,0.091323
12.9294,0.140295,0.0857609
12.9344,0.203715,0.103343
12.9394,0.250721,0.114647
12.9444,0.257335,0.11615
12.9494,0.24267,0.112792
12.9544,0.244399,0.113193
12.9594,0.360806,0.137533
12.9644,0.241767,0.112582
12.9694,0.17127,0.0947565
12.9744,0.215349,0.106253
12.9794,0.335466,0.132615
12.9844,0.176148,0.0960964
12.9894,0.262272,0.117258
12.9944,0.476133,0.157991
12.9994,0.410177,0.146641
13.0044,0.246497,0.113678
13.0094,0.273577,0.119759
13.0144,0.223617,0.108273
13.0194,0.175919,0.0960341
13.0244,0.288283,0.122936
13.0294,0.244648,0.11325
13.0344,0.152029,0.0892754
13.0394,0.107301,0.0750016
13.0444,0.22655,0.108981
13.0494,0.164227,0.0927878
13.0544,0.295067,0.124374
13.0594,0.327618,0.131055
13.0644,0.315048,0.128516
13.0694,0.137501,0.0849026
13.0744,0.29934,0.125271
13.0794,0.0965225,0.0711349
13.0844,0.169952,0.0943912
13.0894,0.0946086,0.0704261
13.0944,0.28548,0.122337
13.0994,0.127367,0.081714
13.1044,0.18398,0.0982095
13.1094,0.163188,0.0924939
13.1144,0.137371,0.0848624
13.1194,0.126273,0.0813625
13.1244,0.300721,0.12556
13.1294,0.270952,0.119183
13.1344,0.334316,0.132388
13.1394,0.259351,0.116604
13.1444,0.129645,0.0824417
13.1494,0.156765,0.0906554
13.1544,0.22708,0.109108
13.1594,0.345361,0.134557
13.1644,0.364123,0.138163
13.1694,0.205551,0.103807
13.1744,0.249704,0.114415
13.1794,0.265441,0.117965
13.1844,0.138036,0.0850678
13.1894,0.201358,0.102743
13.1944,0.136126,0.0844773
13.1994,0.173207,0.095291
13.2044,0.185875,0.0987142
13.2094,0.156976,0.0907162
13.2144,0.1409,0.0859458
13.2194,0.317357,0.128986
13.2244,0.217067,0.106676
13.2294,0.153699,0.0897644
13.2344,0.195632,0.101272
13.2394,0.182584,0.0978363
13.2444,0.0871966,0.0676112
13.2494,0.137359,0.0848588
13.2544,0.16131,0.09196
13.2594,0.110746,0.076196
13.2644,0.147334,0.087886
13.2694,0.0299611,0.0396321
13.2744,0.086184,0.0672174
13.2794,0.0411295,0.046435
13.2844,0,0
13.2894,0.0399849,0.0457843
13.2944,0.259656,0.116672
13.2994,0.185377,0.0985817
13.3044,0.135752,0.0843612
13.3094,0.145604,0.0873687
13.3144,0.233989,0.110756
13.3194,0.205823,0.103876
13.3244,0.104435,0.0739932
13.3294,0.0316735,0.040749
13.3344,0.210331,0.105007
13.3394,0.178478,0.09673
13.3444,0.0657863,0.0587268
13.3494,0.10119,0.0728344
13.3544,0.196613,0.101526
13.3594,0.128734,0.0821515
13.3644,0.140965,0.0859654
13.3694,0.17727,0.0964021
13.3744,0.127973,0.0819082
13.3794,0.172101,0.0949862
13.3844,0.201919,0.102886
13.3894,0.167925,0.0938267
13.3944,0.323858,0.130301
13.3994,0.234981,0.11099
13.4044,0.209703,0.104851
13.4094,0.284228,0.122068
13.4144,0.224431,0.10847
13.4194,0.133544,0.083672
13.4244,0.0739547,0.0622661
13.4294,0.143686,0.0867912
13.4344,0.221715,0.107812
13.4394,0.256614,0.115987
13.4444,0.0862726,0.067252
13.4494,0.092764,0.0697362
13.4544,0.132709,0.0834102
13.4594,0.127497,0.081756
13.4644,0.0906536,0.0689384
13.4694,0.0712822,0.0611307
13.4744,0.169361,0.0942271
13.4794,0.150587,0.0888511
13.4844,0.111584,0.0764837
13.4894,0.251668,0.114864
13.4944,0.231859,0.110251
13.4994,0.126742,0.0815134
13.5044,0.132353,0.0832982
13.5094,0.0979363,0.071654
13.5144,0.181899,0.0976526
13.5194,0.14817,0.088135
13.5244,0.152243,0.0893382
13.5294,0.0860024,0.0671466
13.5344,0.149925,0.0886554
13.5394,0.179573,0.0970263
13.5444,0.086364,0.0672876
13.5494,0.112498,0.0767963
13.5544,0.0971548,0.0713676
13.5594,0.114402,0.0774437
13.5644,0.206311,0.103999
13.5694,0.0437786,0.047907
13.5744,0.0396538,0.0455943
13.5794,0.0201872,0.0325317
13.5844,0.0814308,0.0653376
13.5894,0.16476,0.0929383
13.5944,0.0660078,0.0588256
13.5994,0.0231766,0.0348573
13.6044,0.204858,0.103632
13.6094,0.171795,0.0949017
13.6144,0.111576,0.0764811
13.6194,0.0441162,0.0480914
13.6244,0.0865303,0.0673524
13.6294,0.151064,0.0889916
13.6344,0.108652,0.0754721
13.6394,0.246805,0.113749
13.6444,0.0734859,0.0620684
13.6494,0.114991,0.0776427
13.6544,0.115905,0.0779505
13.6594,0.125269,0.0810382
13.6644,0.191749,0.100262
13.6694,0.130932,0.0828497
13.6744,0.163021,0.0924464
13.6794,0.188127,0.0993103
13.6844,0.146823,0.0877337
13.6894,0.0981563,0.0717344
13.6944,0.200378,0.102493
13.6994,0.334944,0.132512
13.7044,0.0607137,0.0564173
13.7094,0.0427805,0.0473578
13.7144,0.12306,0.0803208
13.7194,0.0657601,0.0587151
13.7244,0.0564737,0.0544116
13.7294,0.157547,0.0908813
13.7344,0.213451,0.105783
13.7394,0.280386,0.12124
13.7444,0.168421,0.0939651
13.7494,0.0970277,0.0713209
13.7544,0.196274,0.101438
13.7594,0.0767018,0.063412
13.7644,0.0906569,0.0689396
13.7694,0.090364,0.0688282
13.7744,0.235831,0.111191
13.7794,0.145237,0.0872584
13.7844,0.214396,0.106017
13.7894,0.104751,0.0741051
13.7944,0.053426,0.0529231
13.7994,0.211358,0.105263
13.8044,0.156055,0.0904498
13.8094,0.0413176,0.046541
13.8144,0.135028,0.0841359
13.8194,0.154172,0.0899023
13.8244,0.138395,0.0851782
13.8294,0.143586,0.086761
13.8344,0.179176,0.0969188
13.8394,0.245582,0.113466
13.8444,0.147751,0.0880103
13.8494,0.144458,0.0870242
13.8544,0.154088,0.0898778
13.8594,0.239749,0.112111
13.8644,0.103096,0.0735172
13.8694,0.0146317,0.0276959
13.8744,0.0478164,0.0500677
13.8794,0.131101,0.0829034
13.8844,0.252779,0.115117
13.8894,0.137727,0.0849725
13.8944,0.0404218,0.0460338
13.8994,0.0825845,0.0657988
13.9044,0.217303,0.106734
13.9094,0.175526,0.0959266
13.9144,0.141929,0.0862591
13.9194,0.0870528,0.0675554
13.9244,0.120718,0.0795526
13.9294,0.122847,0.0802511
13.9344,0.0865085,0.0673439
13.9394,0.0932328,0.0699122
13.9444,0.0943721,0.0703381
13.9494,0.12428,0.0807179
13.9544,0.0347721,0.0426957
13.9594,0.0814529,0.0653465
13.9644,0.12125,0.0797276
13.9694,0.123698,0.0805285
13.9744,0.218413,0.107006
13.9794,0.0981619,0.0717365
13.9844,0.109806,0.0758721
13.9894,0.0421079,0.0469841
13.9944,0.0374827,0.0443286
13.9994,0.0552208,0.0538047
14.0044,0.200377,0.102493
14.0094,0.092276,0.0695525
14.0144,0.0409955,0.0463593
14.0194,0.100008,0.0724078
14.0244,0.0947338,0.0704728
14.0294,0.0468909,0.0495807
14.0344,0.132398,0.0833122
14.0394,0.108921,0.0755657
14.0444,0.0865522,0.0673609
14.0494,0.113881,0.0772671
14.0544,0.036791,0.0439177
14.0594,0.104452,0.0739994
14.0644,0.0534905,0.052955
14.0694,0.0895653,0.0685233
14.0744,0.0861965,0.0672223
14.0794,0.0935124,0.070017
14.0844,0.0906279,0.0689286
14.0894,0.0540336,0.0532231
14.0944,0.0557237,0.0540491
14.0994,0.0646641,0.0582238
14.1044,0.149741,0.088601
14.1094,0.241734,0.112574
14.1144,0.180195,0.0971941
14.1194,0.0892879,0.0684172
14.1244,0.245259,0.113392
14.1294,0.14608,0.0875112
14.1344,0.1009,0.07273
14.1394,0.10984,0.0758838
14.1444,0.0427558,0.0473441
14.1494,0.121167,0.0797004
14.1544,0.170944,0.0946662
14.1594,0.104565,0.0740391
14.1644,0.0154157,0.0284282
14.1694,0.0456969,0.0489454
14.1744,0,0
14.1794,0.0338191,0.0421065
14.1844,0.102715,0.0733812
14.1894,0.160484,0.0917244
14.1944,0.100307,0.0725162
14.1994,0.101328,0.0728842
14.2044,0.096045,0.0709588
14.2094,0.139424,0.0854945
14.2144,0.158823,0.0912485
14.2194,0.117893,0.0786162
14.2244,0.0613705,0.0567216
14.2294,0.097646,0.0715477
14.2344,0.119261,0.0790713
14.2394,0.0215052,0.0335769
14.2444,0,0
14.2494,0.0113825,0.0244279
14.2544,0.0912944,0.0691816
14.2594,0.0021729,0.0106731
14.2644,0.0531206,0.0527716
14.2694,0.0517291,0.0520758
14.2744,0.0364078,0.0436884
14.2794,0.0660506,0.0588446
14.2844,0.129103,0.082269
14.2894,0.166831,0.0935204
14.2944,0.170232,0.094469
14.2994,0.1171,0.0783516
14.3044,0.086876,0.0674867
14.3094,0.066951,0.0592444
14.3144,0.0644691,0.0581359
14.3194,0.103486,0.0736563
14.3244,0.108383,0.0753789
14.3294,0.0866666,0.0674054
14.3344,0.108202,0.0753158
14.3394,0.0853872,0.066906
14.3444,0.0811048,0.0652067
14.3494,0.0672278,0.0593667
14.3544,0.0569925,0.054661
14.3594,0.0842776,0.0664699
14.3644,0.0462998,0.0492672
14.3694,0.041979,0.0469121
14.3744,0.0397208,0.0456328
14.3794,0.0418221,0.0468243
14.3844,0.126649,0.0814835
14.3894,0.0974869,0.0714894
14.3944,0.0859512,0.0671266
14.3994,0.0856884,0.0670239
14.4044,0.0645849,0.0581881
14.4094,0.0890787,0.068337
14.4144,0.116335,0.078095
14.4194,0.074808,0.0626243
14.4244,0.101656,0.073002
14.4294,0.12374,0.0805421
14.4344,0.0875247,0.0677382
14.4394,0.141034,0.0859866
14.4444,0.102885,0.0734421
14.4494,0.0458712,0.0490387
14.4544,0.04108,0.0464071
14.4594,0.039407,0.0454522
14.4644,0.0401635,0.0458864
14.4694,0.0750594,0.0627294
14.4744,0.0395694,0.0455458
14.4794,0.0414573,0.0466196
14.4844,0.073515,0.0620807
14.4894,0.0191398,0.0316765
14.4944,0.0434014,0.0477003
14.4994,0.0145629,0.0276307
14.5044,0.065091,0.0584156
14.5094,0.0308568,0.0402202
14.5144,0.0705177,0.060802
14.5194,0.126813,0.0815362
14.5244,0.076923,0.0635034
14.5294,0.0402956,0.0459619
14.5344,0,0
14.5394,0.0619742,0.0569999
14.5444,0.154047,0.0898661
14.5494,0.0955057,0.0707593
14.5544,0.0592449,0.0557307
14.5594,0.101052,0.0727847
14.5644,0.0145043,0.0275751
14.5694,0.080972,0.0651532
14.5744,0.083579,0.0661938
14.5794,0.0306442,0.0400814
14.5844,0,0
14.5894,0.00102341,0.00732476
14.5944,0.0409312,0.0463229
14.5994,0.0398677,0.0457171
14.6044,0.0407267,0.0462071
14.6094,0.0347256,0.0426672
14.6144,0,0
14.6194,0,0
14.6244,0,0
14.6294,0.073375,0.0620216
14.6344,0.098729,0.0719434
14.6394,0.0375955,0.0443952
14.6444,0,0
14.6494,0,0
14.6544,0.0642456,0.0580351
14.6594,0.0406041,0.0461375
14.6644,0,0
14.6694,0,0
14.6744,0,0
14.6794,0,0
14.6844,0.0274452,0.0379317
14.6894,0.0569606,0.0546457
14.6944,0.110143,0.0759882
14.6994,0.0187698,0.0313689
14.7044,0.0583864,0.0553254
14.7094,0.0428446,0.0473933
14.7144,0.00242707,0.01128
14.7194,0.0423731,0.0471318
14.7244,0.00762469,0.0199931
14.7294,0,0
14.7344,0,0
14.7394,0.0300717,0.0397052
14.7444,0.0223532,0.0342325
14.7494,0,0
14.7544,0,0
14.7594,0,0
14.7644,0,0
14.7694,0,0
14.7744,0,0
14.7794,0,0
14.7844,0,0
14.7894,0,0
14.7944,0,0
14.7994,0,0
14.8044,0,0
14.8094,0,0
14.8144,0,0
14.8194,0,0
14.8244,0.00508799,0.0163321
14.8294,0.0449156,0.0485252
14.8344,0.00242129,0.0112666
14.8394,0,0
14.8444,0,0
14.8494,0,0
14.8544,0,0
14.8594,0,0
14.8644,0,0
14.8694,0,0
14.8744,0,0
14.8794,0,0
14.8844,0,0
14.8894,0,0
14.8944,0,0
14.8994,0,0
14.9044,0,0
14.9094,0,0
14.9144,0,0
14.9194,0.00926739,0.0220418
14.9244,0.0431575,0.047566
14.9294,0,0
14.9344,0,0
14.9394,0,0
14.9444,0,0
14.9494,0,0
14.9544,0,0
14.9594,0,0
14.9644,0,0
14.9694,0,0
14.9744,0,0
14.9794,0,0
14.9844,0,0
14.9894,0,0
14.9944,0,0
14.9994,0,0
15.0044,0,0
15.0094,0,0
15.0144,0,0
15.0194,0,0
15.0244,0,0
15.0294,0,0
15.0344,0,0
15.0394,0,0
15.0444,0,0
15.0494,0,0
15.0544,0,0
15.0594,0,0
15.0644,0,0
15.0694,0,0
15.0744,0,0
15.0794,0,0
15.0844,0,0
15.0894,0,0
15.0944,0,0
15.0994,0,0
15.1044,0,0
15.1094,0,0
15.1144,0,0
15.1194,0,0
15.1244,0,0
15.1294,0,0
15.1344,0,0
15.1394,0,0
15.1444,0,0
15.1494,0,0
15.1544,0,0
15.1594,0,0
15.1644,0,0
15.1694,0,0
15.1744,0,0
15.1794,0,0
15.1844,0,0
15.1894,0,0
15.1944,0,0
15.1994,0,0
15.2044,0,0
15.2094,0,0
15.2137,0,0
