1.32E-02	1.01E+00	6.68E-03
1.33E-02	1.00E+00	6.47E-03
1.34E-02	1.01E+00	5.81E-03
1.36E-02	1.01E+00	5.31E-03
1.37E-02	1.01E+00	5.20E-03
1.39E-02	1.00E+00	4.73E-03
1.40E-02	9.90E-01	4.57E-03
1.41E-02	9.88E-01	6.37E-03
1.42E-02	1.00E+00	5.94E-03
1.44E-02	1.00E+00	5.52E-03
1.45E-02	1.00E+00	5.21E-03
1.47E-02	1.00E+00	5.09E-03
1.49E-02	9.92E-01	4.84E-03
1.50E-02	9.87E-01	4.71E-03
1.52E-02	9.85E-01	4.62E-03
1.54E-02	9.74E-01	3.69E-03
1.56E-02	9.64E-01	3.60E-03
1.57E-02	9.62E-01	4.42E-03
1.59E-02	9.34E-01	4.24E-03
1.60E-02	9.14E-01	4.14E-03
1.62E-02	8.56E-01	3.77E-03
1.65E-02	7.84E-01	3.51E-03
1.67E-02	6.95E-01	3.14E-03
1.69E-02	5.86E-01	2.57E-03
1.71E-02	4.91E-01	2.12E-03
1.73E-02	3.86E-01	1.81E-03
1.76E-02	2.92E-01	1.52E-03
1.77E-02	2.53E-01	1.96E-03
1.79E-02	1.85E-01	1.55E-03
1.82E-02	1.50E-01	1.32E-03
1.82E-02	1.41E-01	1.85E-03
1.84E-02	1.24E-01	1.77E-03
1.85E-02	1.19E-01	1.31E-03
1.87E-02	1.10E-01	1.10E-03
1.89E-02	1.07E-01	8.89E-04
1.90E-02	1.05E-01	1.04E-03
1.92E-02	1.05E-01	8.47E-04
1.93E-02	1.03E-01	9.97E-04
1.94E-02	1.02E-01	8.04E-04
1.97E-02	9.58E-02	6.98E-04
2.01E-02	8.86E-02	6.58E-04
2.02E-02	8.54E-02	8.64E-04
2.05E-02	7.45E-02	7.44E-04
2.09E-02	6.40E-02	6.03E-04
2.12E-02	5.44E-02	5.08E-04
2.16E-02	4.63E-02	4.53E-04
2.19E-02	3.90E-02	4.07E-04
2.23E-02	3.29E-02	3.66E-04
2.27E-02	2.81E-02	3.33E-04
2.31E-02	2.47E-02	3.10E-04
2.35E-02	2.31E-02	3.01E-04
2.37E-02	2.28E-02	4.23E-04
2.42E-02	2.23E-02	4.18E-04
2.46E-02	2.10E-02	4.02E-04
2.51E-02	1.95E-02	3.62E-04
2.56E-02	1.85E-02	3.23E-04
2.61E-02	1.62E-02	2.76E-04
2.67E-02	1.39E-02	2.45E-04
2.72E-02	1.20E-02	2.14E-04
2.78E-02	9.61E-03	1.72E-04
2.84E-02	8.30E-03	1.52E-04
2.87E-02	7.66E-03	2.01E-04
2.94E-02	6.93E-03	1.89E-04
3.01E-02	6.49E-03	1.81E-04
3.08E-02	6.27E-03	1.59E-04
3.16E-02	5.76E-03	1.38E-04
3.24E-02	5.21E-03	1.30E-04
3.32E-02	4.50E-03	1.10E-04
3.41E-02	3.81E-03	9.79E-05
3.50E-02	3.20E-03	9.03E-05
3.52E-02	3.01E-03	4.55E-05
3.54E-02	2.87E-03	1.22E-04
3.54E-02	2.92E-03	6.15E-05
3.60E-02	2.71E-03	5.71E-05
3.65E-02	2.53E-03	5.32E-05
3.70E-02	2.47E-03	4.82E-05
3.76E-02	2.32E-03	4.39E-05
3.82E-02	2.22E-03	4.21E-05
3.88E-02	2.04E-03	4.03E-05
3.94E-02	1.95E-03	3.83E-05
4.01E-02	1.81E-03	3.70E-05
4.07E-02	1.60E-03	3.34E-05
4.14E-02	1.41E-03	3.05E-05
4.21E-02	1.28E-03	2.84E-05
4.29E-02	1.17E-03	2.68E-05
4.36E-02	1.07E-03	2.56E-05
4.44E-02	1.07E-03	2.61E-05
4.52E-02	9.73E-04	2.48E-05
4.61E-02	9.37E-04	2.00E-05
4.70E-02	8.32E-04	1.79E-05
4.74E-02	7.95E-04	2.19E-05
4.83E-02	7.09E-04	2.03E-05
4.93E-02	6.42E-04	1.89E-05
5.03E-02	5.69E-04	1.74E-05
5.13E-02	5.39E-04	1.69E-05
5.24E-02	4.92E-04	1.60E-05
5.36E-02	4.56E-04	1.52E-05
5.48E-02	4.20E-04	1.44E-05
5.60E-02	3.58E-04	1.25E-05
5.73E-02	3.09E-04	1.11E-05
5.87E-02	3.12E-04	1.13E-05
6.01E-02	2.64E-04	1.00E-05
6.16E-02	2.41E-04	8.80E-06
6.32E-02	2.08E-04	7.62E-06
6.48E-02	1.81E-04	3.61E-06
6.49E-02	1.85E-04	7.17E-06
6.58E-02	1.72E-04	3.39E-06
6.67E-02	1.61E-04	3.15E-06
6.77E-02	1.54E-04	3.00E-06
6.88E-02	1.45E-04	2.83E-06
6.98E-02	1.34E-04	2.66E-06
7.03E-02	1.25E-04	3.61E-06
7.14E-02	1.20E-04	3.57E-06
7.26E-02	1.13E-04	3.53E-06
7.38E-02	1.12E-04	3.51E-06
7.50E-02	9.74E-05	3.19E-06
7.63E-02	9.03E-05	2.97E-06
7.76E-02	8.42E-05	2.69E-06
7.89E-02	8.33E-05	2.55E-06
8.03E-02	7.68E-05	2.44E-06
8.18E-02	7.34E-05	2.43E-06
8.33E-02	6.65E-05	2.38E-06
8.48E-02	5.76E-05	2.18E-06
8.64E-02	5.56E-05	2.09E-06
8.81E-02	4.91E-05	1.91E-06
8.99E-02	4.48E-05	1.77E-06
9.17E-02	4.22E-05	1.66E-06
9.36E-02	4.14E-05	1.42E-06
9.55E-02	3.57E-05	1.26E-06
9.76E-02	3.43E-05	1.24E-06
9.97E-02	3.21E-05	1.18E-06
1.02E-01	2.77E-05	1.07E-06
1.04E-01	2.48E-05	1.00E-06
1.07E-01	2.43E-05	9.99E-07
1.09E-01	2.10E-05	9.05E-07
1.12E-01	1.97E-05	8.70E-07
1.15E-01	1.72E-05	8.11E-07
1.17E-01	1.55E-05	3.38E-07
1.17E-01	1.58E-05	4.51E-07
1.18E-01	1.41E-05	7.37E-07
1.19E-01	1.53E-05	4.18E-07
1.21E-01	1.50E-05	3.99E-07
1.21E-01	1.40E-05	7.35E-07
1.22E-01	1.47E-05	3.79E-07
1.24E-01	1.38E-05	3.40E-07
1.26E-01	1.19E-05	3.08E-07
1.28E-01	1.20E-05	3.03E-07
1.30E-01	1.09E-05	2.84E-07
1.32E-01	1.03E-05	2.79E-07
1.34E-01	9.80E-06	2.81E-07
1.36E-01	8.98E-06	2.69E-07
1.39E-01	7.99E-06	2.33E-07
1.41E-01	7.21E-06	2.02E-07
1.43E-01	6.20E-06	1.87E-07
1.46E-01	5.60E-06	1.78E-07
1.48E-01	5.38E-06	1.77E-07
1.51E-01	4.89E-06	1.72E-07
1.54E-01	4.16E-06	1.59E-07
1.57E-01	3.69E-06	1.48E-07
1.60E-01	3.31E-06	1.39E-07
1.63E-01	2.85E-06	1.27E-07
1.66E-01	2.34E-06	1.13E-07
1.70E-01	2.28E-06	1.11E-07
1.73E-01	1.86E-06	1.03E-07
1.77E-01	1.52E-06	9.41E-08
1.80E-01	1.42E-06	9.15E-08
1.84E-01	9.79E-07	7.81E-08
1.89E-01	1.02E-06	7.46E-08
1.93E-01	8.61E-07	7.05E-08
1.97E-01	7.11E-07	6.68E-08
2.02E-01	7.52E-07	6.71E-08
2.07E-01	7.73E-07	6.48E-08
2.13E-01	7.35E-07	6.34E-08
2.18E-01	7.13E-07	6.31E-08
2.24E-01	6.88E-07	6.13E-08
		
		
		
		
		
