
1.00462,0.0306942,0.0277714
1.00962,0.068764,0.0415671
1.01462,0.0186986,0.0216758
1.01962,0.0541505,0.0368868
1.02462,0.0931743,0.0483858
1.02962,0.0578829,0.0381368
1.03462,0.0419077,0.0324501
1.03962,0.0229287,0.0240026
1.04462,0.00942728,0.0153909
1.04962,0.0576547,0.0380616
1.05462,0.0871749,0.0468021
1.05962,0.137105,0.0586943
1.06462,0.133804,0.0579835
1.06962,0.0664895,0.0408739
1.07462,0.123012,0.0555961
1.07962,0.130762,0.0573206
1.08462,0.0867544,0.0466891
1.08962,0.148992,0.0611858
1.09462,0.14501,0.0603627
1.09962,0.06841,0.04146
1.10462,0.129265,0.0569916
1.10962,0.0801048,0.0448641
1.11462,0.104795,0.0513145
1.11962,0.0522469,0.0362326
1.12462,0.0578941,0.0381405
1.12962,0.106109,0.0516353
1.13462,0.106575,0.0517486
1.13962,0.0985295,0.0497568
1.14462,0.0531385,0.0365405
1.14962,0.171431,0.0656318
1.15462,0.201902,0.0712262
1.15962,0.144721,0.0603025
1.16462,0.162814,0.0639611
1.16962,0.137317,0.0587396
1.17462,0.177207,0.0667282
1.17962,0.118529,0.0545735
1.18462,0.142996,0.0599421
1.18962,0.120563,0.0550397
1.19462,0.189811,0.0690606
1.19962,0.285144,0.0846451
1.20462,0.217856,0.0739868
1.20962,0.216675,0.073786
1.21462,0.245504,0.0785415
1.21962,0.215599,0.0736025
1.22462,0.12064,0.0550574
1.22962,0.212489,0.0730697
1.23462,0.157178,0.0628442
1.23962,0.145705,0.0605072
1.24462,0.204361,0.0716587
1.24962,0.213164,0.0731857
1.25462,0.301159,0.0869896
1.25962,0.209161,0.0724953
1.26462,0.232791,0.0764808
1.26962,0.258744,0.0806315
1.27462,0.30184,0.087088
1.27962,0.286425,0.0848351
1.28462,0.303107,0.0872705
1.28962,0.527497,0.115128
1.29462,0.542209,0.116722
1.29962,0.489028,0.11085
1.30462,0.339047,0.0922996
1.30962,0.620395,0.124854
1.31462,0.368207,0.0961868
1.31962,0.350462,0.0938404
1.32462,0.376443,0.0972566
1.32962,0.305561,0.0876232
1.33462,0.424435,0.10327
1.33962,0.392796,0.0993466
1.34462,0.246131,0.0786417
1.34962,0.322611,0.0900346
1.35462,0.428844,0.103805
1.35962,0.466545,0.108272
1.36462,0.393994,0.0994981
1.36962,0.405807,0.100979
1.37462,0.457204,0.107183
1.37962,0.468545,0.108504
1.38462,0.442288,0.10542
1.38962,0.428053,0.103709
1.39462,0.34713,0.0933933
1.39962,0.371618,0.0966314
1.40462,0.454844,0.106906
1.40962,0.338093,0.0921696
1.41462,0.38231,0.0980116
1.41962,0.43799,0.104906
1.42462,0.356897,0.094698
1.42962,0.457972,0.107273
1.43462,0.367829,0.0961374
1.43962,0.390344,0.099036
1.44462,0.65818,0.1286
1.44962,0.561047,0.118732
1.45462,0.56339,0.11898
1.45962,0.586337,0.121379
1.46462,0.465388,0.108138
1.46962,0.404644,0.100834
1.47462,0.341856,0.0926811
1.47962,0.40733,0.101168
1.48462,0.321546,0.0898858
1.48962,0.468033,0.108445
1.49462,0.401932,0.100495
1.49962,0.529921,0.115392
1.50462,0.578548,0.12057
1.50962,0.555711,0.118166
1.51462,0.484094,0.11029
1.51962,0.552198,0.117792
1.52462,0.507402,0.112913
1.52962,0.507408,0.112914
1.53462,0.436519,0.10473
1.53962,0.325143,0.0903871
1.54462,0.460147,0.107527
1.54962,0.666741,0.129434
1.55462,0.717034,0.134227
1.55962,0.704568,0.133055
1.56462,0.810305,0.14269
1.56962,0.712724,0.133823
1.57462,0.762917,0.138455
1.57962,0.810484,0.142706
1.58462,0.885843,0.149193
1.58962,0.789625,0.140857
1.59462,0.827373,0.144185
1.59962,0.774483,0.1395
1.60462,0.577488,0.12046
1.60962,0.716586,0.134185
1.61462,0.479215,0.109732
1.61962,0.721558,0.13465
1.62462,0.571446,0.119828
1.62962,0.655154,0.128304
1.63462,0.806185,0.142327
1.63962,0.603221,0.123114
1.64462,0.566915,0.119352
1.64962,0.553087,0.117887
1.65462,0.56214,0.118848
1.65962,0.945663,0.154148
1.66462,0.996429,0.158231
1.66962,0.741867,0.136531
1.67462,0.783571,0.140317
1.67962,0.892258,0.149732
1.68462,0.801066,0.141874
1.68962,1.21025,0.174384
1.69462,1.0403,0.161677
1.69962,0.89239,0.149743
1.70462,0.916391,0.151743
1.70962,0.775101,0.139556
1.71462,0.780681,0.140058
1.71962,0.95164,0.154634
1.72462,0.807393,0.142434
1.72962,0.639496,0.126762
1.73462,0.653857,0.128177
1.73962,0.742359,0.136577
1.74462,0.926345,0.152565
1.74962,0.801391,0.141903
1.75462,0.775441,0.139587
1.75962,0.879997,0.1487
1.76462,0.915479,0.151668
1.76962,0.932869,0.153102
1.77462,0.841102,0.145376
1.77962,0.988865,0.15763
1.78462,1.20756,0.174191
1.78962,1.47652,0.192615
1.79462,1.30471,0.181062
1.79962,1.25489,0.177571
1.80462,1.441,0.190284
1.80962,1.50702,0.194594
1.81462,1.94383,0.221004
1.81962,1.84696,0.215426
1.82462,2.068,0.227953
1.82962,1.58114,0.199322
1.83462,1.50276,0.194319
1.83962,1.87987,0.217337
1.84462,1.95568,0.221676
1.84962,1.86629,0.21655
1.85462,2.12887,0.231283
1.85962,2.1425,0.232023
1.86462,2.40033,0.245587
1.86962,2.1713,0.233577
1.87462,1.7002,0.20669
1.87962,2.03428,0.226086
1.88462,1.9174,0.219496
1.88962,1.88706,0.217752
1.89462,2.35214,0.243109
1.89962,2.61003,0.25609
1.90462,2.70891,0.260895
1.90962,2.11877,0.230734
1.91462,2.42608,0.246901
1.91962,2.49341,0.250303
1.92462,2.36638,0.243844
1.92962,3.10211,0.279189
1.93462,3.17631,0.282508
1.93962,2.94683,0.272112
1.94462,2.92571,0.271135
1.94962,3.67807,0.304004
1.95462,3.64623,0.302685
1.95962,3.48258,0.295815
1.96462,3.41622,0.292983
1.96962,3.78959,0.308579
1.97462,4.09766,0.320876
1.97962,4.62102,0.340752
1.98462,4.48276,0.335616
1.98962,5.2625,0.363635
1.99462,5.735,0.379609
1.99962,5.56782,0.374035
2.00462,6.6172,0.407762
2.00962,7.32802,0.429104
2.01462,7.6345,0.437986
2.01962,8.48962,0.461864
2.02462,9.44041,0.48704
2.02962,11.544,0.538577
2.03462,12.962,0.570696
2.03962,15.2381,0.618778
2.04462,18.1444,0.675213
2.04962,20.8234,0.723344
2.05462,24.1417,0.778849
2.05962,28.0388,0.839362
2.06462,32.9425,0.909804
2.06962,34.6659,0.9333
2.07462,39.8354,1.00047
2.07962,47.1998,1.08903
2.08462,53.103,1.15513
2.08962,59.0558,1.21815
2.09462,65.2229,1.28018
2.09962,69.4991,1.32148
2.10462,76.207,1.38378
2.10962,82.3392,1.43838
2.11462,87.1547,1.47984
2.11962,93.8392,1.53554
2.12462,103.629,1.61366
2.12962,108.718,1.6528
2.13462,117.493,1.71821
2.13962,122.795,1.75655
2.14462,129.242,1.80207
2.14962,135.567,1.84564
2.15462,138.345,1.86445
2.15962,138.958,1.86858
2.16462,142.147,1.8899
2.16962,143.749,1.90052
2.17462,150.874,1.94705
2.17962,155.249,1.97508
2.18462,157.253,1.98778
2.18962,160.941,2.01096
2.19462,163.757,2.02847
2.19962,169.828,2.06573
2.20462,173.631,2.08874
2.20962,174.208,2.0922
2.21462,173.344,2.08701
2.21962,175.399,2.09934
2.22462,178.464,2.1176
2.22962,184.018,2.1503
2.23462,183.688,2.14837
2.23962,184.033,2.15039
2.24462,187.11,2.1683
2.24962,187.146,2.1685
2.25462,189.03,2.17939
2.25962,190.607,2.18846
2.26462,191.552,2.19388
2.26962,195.387,2.21573
2.27462,197.08,2.22531
2.27962,200.838,2.24643
2.28462,204.316,2.2658
2.28962,205.358,2.27157
2.29462,204.219,2.26526
2.29962,203.739,2.2626
2.30462,209.296,2.29324
2.30962,209.964,2.2969
2.31462,212.246,2.30935
2.31962,215.305,2.32593
2.32462,218.366,2.34241
2.32962,217.99,2.34039
2.33462,215.821,2.32871
2.33962,216.134,2.3304
2.34462,214.187,2.31988
2.34962,215.984,2.32959
2.35462,214.729,2.32282
2.35962,216.358,2.33161
2.36462,218.234,2.3417
2.36962,218.08,2.34087
2.37462,218.592,2.34362
2.37962,218.743,2.34443
2.38462,223.182,2.3681
2.38962,224.205,2.37352
2.39462,231.211,2.41032
2.39962,233.938,2.42449
2.40462,237.741,2.44412
2.40962,237.686,2.44383
2.41462,238.964,2.4504
2.41962,235.581,2.43299
2.42462,239.3,2.45212
2.42962,245.802,2.48521
2.43462,245.956,2.48598
2.43962,242.89,2.47044
2.44462,250.573,2.50921
2.44962,249.326,2.50295
2.45462,251.623,2.51446
2.45962,254.555,2.52907
2.46462,251.687,2.51478
2.46962,253.987,2.52625
2.47462,253.28,2.52272
2.47962,257.156,2.54195
2.48462,258.741,2.54978
2.48962,259.075,2.55142
2.49462,261.459,2.56314
2.49962,259.252,2.5523
2.50462,260.169,2.5568
2.50962,263.201,2.57166
2.51462,266.688,2.58864
2.51962,262.809,2.56974
2.52462,262.782,2.56961
2.52962,264.657,2.57876
2.53462,262.243,2.56697
2.53962,268.206,2.596
2.54462,264.487,2.57794
2.54962,267.988,2.59494
2.55462,263.595,2.57358
2.55962,264.465,2.57783
2.56462,265.725,2.58396
2.56962,262.511,2.56829
2.57462,261.522,2.56345
2.57962,266.011,2.58535
2.58462,264.009,2.5756
2.58962,267.824,2.59415
2.59462,260.314,2.55752
2.59962,262.025,2.56591
2.60462,264.121,2.57615
2.60962,265.134,2.58109
2.61462,262.822,2.56981
2.61962,264.135,2.57622
2.62462,262.087,2.56621
2.62962,262.256,2.56704
2.63462,260.946,2.56062
2.63962,259.911,2.55553
2.64462,260.582,2.55883
2.64962,259.27,2.55238
2.65462,257.656,2.54442
2.65962,260.675,2.55929
2.66462,258.721,2.54968
2.66962,257.355,2.54294
2.67462,258.131,2.54677
2.67962,257.525,2.54378
2.68462,261.629,2.56397
2.68962,262.666,2.56904
2.69462,261.44,2.56304
2.69962,261.329,2.5625
2.70462,258.652,2.54934
2.70962,256.308,2.53776
2.71462,254.452,2.52856
2.71962,256.321,2.53783
2.72462,256.31,2.53777
2.72962,254.605,2.52932
2.73462,253.901,2.52582
2.73962,253.73,2.52497
2.74462,249.111,2.50188
2.74962,245.948,2.48594
2.75462,246.918,2.49084
2.75962,251.506,2.51388
2.76462,245.188,2.4821
2.76962,248.302,2.49781
2.77462,248.704,2.49983
2.77962,249.318,2.50292
2.78462,249.661,2.50464
2.78962,246.446,2.48846
2.79462,240.114,2.45628
2.79962,238.871,2.44992
2.80462,236.304,2.43672
2.80962,238.139,2.44616
2.81462,234.782,2.42886
2.81962,237.638,2.44359
2.82462,238.286,2.44691
2.82962,234.698,2.42842
2.83462,234.99,2.42993
2.83962,236.787,2.43921
2.84462,234.489,2.42734
2.84962,232.336,2.41617
2.85462,233.562,2.42254
2.85962,235.499,2.43257
2.86462,237.759,2.44421
2.86962,239.481,2.45304
2.87462,243.01,2.47105
2.87962,244.038,2.47627
2.88462,242.756,2.46976
2.88962,240.966,2.46064
2.89462,238.538,2.44821
2.89962,237.986,2.44538
2.90462,237.941,2.44514
2.90962,233.246,2.4209
2.91462,233.974,2.42467
2.91962,241.284,2.46226
2.92462,239.662,2.45397
2.92962,237.596,2.44337
2.93462,237.221,2.44144
2.93962,237.338,2.44204
2.94462,237.014,2.44037
2.94962,236.247,2.43642
2.95462,235.704,2.43362
2.95962,237.728,2.44405
2.96462,233.817,2.42386
2.96962,229.754,2.40271
2.97462,232.028,2.41457
2.97962,232.416,2.41659
2.98462,232.315,2.41606
2.98962,231.925,2.41403
2.99462,232.66,2.41786
2.99962,231.622,2.41246
3.00462,232.245,2.4157
3.00962,231.843,2.41361
3.01462,231.257,2.41056
3.01962,232.954,2.41938
3.02462,227.302,2.38985
3.02962,225.885,2.38239
3.03462,224.908,2.37723
3.03962,224.05,2.37269
3.04462,226.074,2.38339
3.04962,226.471,2.38548
3.05462,224.845,2.3769
3.05962,229.181,2.39971
3.06462,226.473,2.38549
3.06962,226.252,2.38433
3.07462,229.956,2.40376
3.07962,223.83,2.37153
3.08462,220.54,2.35404
3.08962,220.483,2.35373
3.09462,221.874,2.36115
3.09962,219.113,2.34641
3.10462,218.655,2.34395
3.10962,220.225,2.35236
3.11462,215.664,2.32787
3.11962,218.341,2.34227
3.12462,211.995,2.30798
3.12962,218.159,2.3413
3.13462,215.43,2.3266
3.13962,211.175,2.30351
3.14462,216.515,2.33246
3.14962,212.137,2.30876
3.15462,214.13,2.31957
3.15962,210.435,2.29947
3.16462,209.399,2.29381
3.16962,210.618,2.30047
3.17462,209.137,2.29237
3.17962,209.709,2.2955
3.18462,209.045,2.29187
3.18962,208.455,2.28863
3.19462,207.331,2.28246
3.19962,210.552,2.30012
3.20462,209.798,2.29599
3.20962,208.1,2.28668
3.21462,205.615,2.27299
3.21962,202.76,2.25715
3.22462,204.209,2.2652
3.22962,201.683,2.25115
3.23462,202.518,2.2558
3.23962,202.15,2.25375
3.24462,200.882,2.24667
3.24962,203.129,2.2592
3.25462,199.221,2.23736
3.25962,199.37,2.2382
3.26462,199.254,2.23755
3.26962,198.87,2.2354
3.27462,196.923,2.22442
3.27962,193.4,2.20444
3.28462,194.111,2.20849
3.28962,197.49,2.22762
3.29462,195.793,2.21803
3.29962,194.142,2.20866
3.30462,194.072,2.20826
3.30962,191.88,2.19576
3.31462,190.916,2.19023
3.31962,194.413,2.2102
3.32462,190.733,2.18919
3.32962,194.511,2.21076
3.33462,188.294,2.17514
3.33962,187.594,2.1711
3.34462,187.461,2.17033
3.34962,187.074,2.16808
3.35462,184.992,2.15599
3.35962,186.373,2.16402
3.36462,186.548,2.16504
3.36962,185.855,2.16101
3.37462,182.451,2.14113
3.37962,183.255,2.14584
3.38462,181.359,2.13471
3.38962,179.838,2.12574
3.39462,182.044,2.13874
3.39962,181.095,2.13316
3.40462,181.132,2.13337
3.40962,178.993,2.12074
3.41462,177.345,2.11095
3.41962,177.111,2.10956
3.42462,180.051,2.127
3.42962,179.063,2.12115
3.43462,175.934,2.10254
3.43962,175.533,2.10014
3.44462,174.454,2.09368
3.44962,174.756,2.09549
3.45462,174.593,2.09451
3.45962,172.929,2.0845
3.46462,170.888,2.07217
3.46962,171.847,2.07797
3.47462,170.667,2.07083
3.47962,172.807,2.08377
3.48462,170.794,2.0716
3.48962,168.287,2.05634
3.49462,166.756,2.04696
3.49962,167.766,2.05316
3.50462,169.233,2.06211
3.50962,167.044,2.04873
3.51462,169.112,2.06137
3.51962,166.888,2.04778
3.52462,165.772,2.04091
3.52962,162.574,2.02113
3.53462,165.901,2.04171
3.53962,163.847,2.02903
3.54462,164.521,2.0332
3.54962,167.032,2.04866
3.55462,167.145,2.04935
3.55962,161.436,2.01405
3.56462,162.078,2.01805
3.56962,164.167,2.03101
3.57462,161.86,2.01669
3.57962,159.254,2.00039
3.58462,156.132,1.98068
3.58962,157.499,1.98934
3.59462,154.593,1.9709
3.59962,153.088,1.96129
3.60462,155.755,1.97829
3.60962,157.109,1.98687
3.61462,157.012,1.98626
3.61962,155.372,1.97586
3.62462,153.075,1.9612
3.62962,152.696,1.95877
3.63462,151.035,1.94809
3.63962,150.092,1.942
3.64462,146.459,1.91835
3.64962,146.063,1.91575
3.65462,148.103,1.92908
3.65962,146.324,1.91746
3.66462,146.033,1.91556
3.66962,147.076,1.92238
3.67462,145.638,1.91297
3.67962,145.399,1.9114
3.68462,143.839,1.90112
3.68962,143.045,1.89586
3.69462,141.511,1.88567
3.69962,140.521,1.87906
3.70462,144.74,1.90705
3.70962,139.857,1.87461
3.71462,141.187,1.8835
3.71962,138.312,1.86423
3.72462,140.228,1.8771
3.72962,141.424,1.88509
3.73462,139.599,1.87289
3.73962,139.103,1.86955
3.74462,139.479,1.87208
3.74962,139.135,1.86977
3.75462,137.568,1.85921
3.75962,133.828,1.83376
3.76462,132.452,1.82431
3.76962,132.429,1.82416
3.77462,132.067,1.82166
3.77962,132.511,1.82471
3.78462,128.716,1.7984
3.78962,132.733,1.82625
3.79462,131.529,1.81795
3.79962,131.217,1.81579
3.80462,129.939,1.80692
3.80962,129.367,1.80294
3.81462,128.896,1.79966
3.81962,128.389,1.79611
3.82462,127.456,1.78957
3.82962,129.758,1.80566
3.83462,129.043,1.80068
3.83962,128.416,1.7963
3.84462,130.318,1.80955
3.84962,130.652,1.81187
3.85462,127.962,1.79312
3.85962,129.261,1.8022
3.86462,127.275,1.7883
3.86962,129.422,1.80332
3.87462,126.064,1.77978
3.87962,129.597,1.80455
3.88462,126.698,1.78424
3.88962,130.524,1.81099
3.89462,129.595,1.80453
3.89962,128.167,1.79456
3.90462,129.143,1.80138
3.90962,125.557,1.77619
3.91462,125.796,1.77788
3.91962,126.778,1.78481
3.92462,128.189,1.79471
3.92962,125.248,1.774
3.93462,124.354,1.76766
3.93962,124.193,1.76652
3.94462,125.027,1.77244
3.94962,126.097,1.78001
3.95462,123.254,1.75983
3.95962,120.139,1.73744
3.96462,121.843,1.74972
3.96962,120.371,1.73912
3.97462,118.483,1.72543
3.97962,116.073,1.7078
3.98462,116.836,1.7134
3.98962,116.092,1.70793
3.99462,115.979,1.7071
3.99962,115.551,1.70395
4.00462,114.71,1.69773
4.00962,112.173,1.67886
4.01462,110.18,1.66388
4.01962,111.023,1.67023
4.02462,109.308,1.65728
4.02962,111.412,1.67316
4.03462,108.179,1.6487
4.03962,109.653,1.65989
4.04462,112.491,1.68124
4.04962,110.621,1.66721
4.05462,112.954,1.68469
4.05962,114.436,1.69571
4.06462,112.07,1.67808
4.06962,115.167,1.70112
4.07462,112.253,1.67945
4.07962,114.681,1.69752
4.08462,111.681,1.67517
4.08962,115.153,1.70101
4.09462,115.153,1.70101
4.09962,115.688,1.70496
4.10462,114.732,1.6979
4.10962,114.34,1.69499
4.11462,114.752,1.69805
4.11962,115.333,1.70234
4.12462,116.825,1.71332
4.12962,116.682,1.71227
4.13462,117.309,1.71686
4.13962,115.944,1.70684
4.14462,114.646,1.69726
4.14962,116.037,1.70752
4.15462,115.439,1.70312
4.15962,115.905,1.70656
4.16462,116.474,1.71074
4.16962,116.962,1.71432
4.17462,117.589,1.71891
4.17962,116.761,1.71284
4.18462,115.995,1.70722
4.18962,117.824,1.72063
4.19462,114.906,1.69919
4.19962,115.729,1.70526
4.20462,117.796,1.72042
4.20962,115.754,1.70544
4.21462,115.367,1.70259
4.21962,115.088,1.70053
4.22462,116.302,1.70948
4.22962,114.997,1.69986
4.23462,115.533,1.70381
4.23962,110.757,1.66823
4.24462,111.701,1.67532
4.24962,110.981,1.66992
4.25462,110.699,1.66779
4.25962,109.574,1.65929
4.26462,111.507,1.67386
4.26962,109.52,1.65889
4.27462,107.836,1.64609
4.27962,105.771,1.63024
4.28462,108.383,1.65025
4.28962,106.321,1.63448
4.29462,104.837,1.62303
4.29962,105.177,1.62566
4.30462,106.142,1.6331
4.30962,104.393,1.61959
4.31462,101.261,1.59511
4.31962,100.855,1.59191
4.32462,100.251,1.58713
4.32962,103.048,1.60912
4.33462,100.676,1.5905
4.33962,97.7659,1.56734
4.34462,100.896,1.59224
4.34962,102.152,1.60211
4.35462,102.143,1.60204
4.35962,99.4944,1.58114
4.36462,99.287,1.57949
4.36962,100.168,1.58647
4.37462,99.6504,1.58237
4.37962,100.983,1.59292
4.38462,100.677,1.5905
4.38962,102.301,1.60328
4.39462,101.55,1.59739
4.39962,101.694,1.59852
4.40462,101.266,1.59515
4.40962,104.246,1.61845
4.41462,101.807,1.59941
4.41962,101.262,1.59512
4.42462,101.422,1.59638
4.42962,100.435,1.58859
4.43462,102.998,1.60873
4.43962,100.22,1.58689
4.44462,103.676,1.61402
4.44962,102.645,1.60598
4.45462,101.527,1.5972
4.45962,102.363,1.60377
4.46462,104.535,1.62069
4.46962,103.375,1.61167
4.47462,101.522,1.59717
4.47962,101.188,1.59454
4.48462,101.418,1.59635
4.48962,101.971,1.60069
4.49462,101.677,1.59838
4.49962,101.499,1.59698
4.50462,99.3911,1.58031
4.50962,99.7282,1.58299
4.51462,101.325,1.59562
4.51962,99.7708,1.58333
4.52462,98.1943,1.57077
4.52962,98.4681,1.57296
4.53462,95.7648,1.55122
4.53962,96.0982,1.55391
4.54462,94.1569,1.53814
4.54962,95.6688,1.55044
4.55462,98.517,1.57335
4.55962,96.074,1.55372
4.56462,97.0971,1.56197
4.56962,94.9294,1.54444
4.57462,92.1989,1.52206
4.57962,95.179,1.54647
4.58462,94.7546,1.54301
4.58962,95.6331,1.55015
4.59462,94.6355,1.54204
4.59962,94.0358,1.53715
4.60462,90.9899,1.51205
4.60962,91.0409,1.51247
4.61462,92.1484,1.52165
4.61962,89.1118,1.49636
4.62462,89.5697,1.5002
4.62962,89.0327,1.4957
4.63462,89.6551,1.50092
4.63962,89.087,1.49616
4.64462,87.082,1.47922
4.64962,84.4449,1.45665
4.65462,82.5828,1.4405
4.65962,83.1764,1.44567
4.66462,78.0661,1.40056
4.66962,79.8698,1.41664
4.67462,84.0504,1.45325
4.67962,83.2124,1.44598
4.68462,85.0414,1.46179
4.68962,86.4414,1.47377
4.69462,84.6364,1.4583
4.69962,85.1955,1.46311
4.70462,85.7098,1.46752
4.70962,87.4613,1.48244
4.71462,86.2475,1.47212
4.71962,83.4256,1.44784
4.72462,83.4659,1.44819
4.72962,85.4214,1.46505
4.73462,84.7106,1.45894
4.73962,85.5919,1.46651
4.74462,85.0183,1.46159
4.74962,85.1545,1.46276
4.75462,85.159,1.4628
4.75962,85.5741,1.46636
4.76462,85.7702,1.46804
4.76962,84.241,1.45489
4.77462,83.3856,1.44749
4.77962,84.9023,1.46059
4.78462,82.3176,1.43819
4.78962,82.5651,1.44035
4.79462,81.9715,1.43516
4.79962,81.4859,1.43091
4.80462,82.2439,1.43755
4.80962,80.4285,1.42159
4.81462,80.3887,1.42124
4.81962,81.6001,1.43191
4.82462,80.147,1.4191
4.82962,79.2137,1.41081
4.83462,79.2166,1.41084
4.83962,78.8988,1.40801
4.84462,77.8833,1.39892
4.84962,77.8101,1.39826
4.85462,77.3322,1.39396
4.85962,77.8264,1.39841
4.86462,76.3351,1.38494
4.86962,76.2807,1.38445
4.87462,75.2796,1.37533
4.87962,75.426,1.37667
4.88462,75.7539,1.37966
4.88962,77.329,1.39393
4.89462,74.686,1.3699
4.89962,72.3352,1.34817
4.90462,73.4122,1.35817
4.90962,75.0222,1.37298
4.91462,72.9369,1.35377
4.91962,74.3073,1.36642
4.92462,74.0355,1.36392
4.92962,73.7628,1.36141
4.93462,74.5891,1.36901
4.93962,73.8699,1.3624
4.94462,72.4031,1.3488
4.94962,71.7529,1.34273
4.95462,71.2252,1.33779
4.95962,72.3848,1.34863
4.96462,72.8517,1.35297
4.96962,72.2175,1.34707
4.97462,70.8441,1.3342
4.97962,70.9523,1.33522
4.98462,70.5992,1.33189
4.98962,71.4106,1.33953
4.99462,70.0029,1.32626
4.99962,70.5852,1.33176
5.00462,69.8894,1.32518
5.00962,71.2518,1.33804
5.01462,69.0744,1.31743
5.01962,68.531,1.31224
5.02462,69.1004,1.31768
5.02962,71.2734,1.33824
5.03462,69.9384,1.32565
5.03962,69.2341,1.31895
5.04462,68.9493,1.31624
5.04962,70.1224,1.32739
5.05462,69.6715,1.32311
5.05962,70.2992,1.32906
5.06462,70.4845,1.33081
5.06962,69.4059,1.32059
5.07462,68.5862,1.31277
5.07962,68.6099,1.31299
5.08462,70.7325,1.33315
5.08962,71.9797,1.34485
5.09462,70.1256,1.32742
5.09962,68.7168,1.31402
5.10462,68.2267,1.30932
5.10962,70.0793,1.32698
5.11462,68.8438,1.31523
5.11962,69.4961,1.32145
5.12462,67.7404,1.30465
5.12962,68.1042,1.30815
5.13462,69.1162,1.31783
5.13962,66.1463,1.28921
5.14462,67.0417,1.2979
5.14962,68.2121,1.30918
5.15462,66.2483,1.2902
5.15962,69.7792,1.32414
5.16462,68.159,1.30867
5.16962,66.2829,1.29054
5.17462,66.3291,1.29099
5.17962,65.1237,1.2792
5.18462,67.4536,1.30188
5.18962,66.4732,1.29239
5.19462,67.029,1.29778
5.19962,63.9766,1.26789
5.20462,63.7786,1.26592
5.20962,64.506,1.27312
5.21462,64.1582,1.26968
5.21962,64.6241,1.27429
5.22462,62.0025,1.24817
5.22962,60.8414,1.23643
5.23462,60.5172,1.23313
5.23962,61.432,1.24242
5.24462,62.4178,1.25234
5.24962,62.7444,1.25562
5.25462,63.1488,1.25966
5.25962,63.4786,1.26294
5.26462,63.1041,1.25921
5.26962,61.6463,1.24458
5.27462,61.204,1.24011
5.27962,60.8132,1.23614
5.28462,61.4105,1.2422
5.28962,59.9368,1.2272
5.29462,60.1344,1.22922
5.29962,59.7654,1.22545
5.30462,59.8582,1.2264
5.30962,60.4871,1.23282
5.31462,58.0474,1.20771
5.31962,58.1978,1.20927
5.32462,58.8881,1.21642
5.32962,59.5526,1.22326
5.33462,57.844,1.20559
5.33962,56.925,1.19597
5.34462,57.7692,1.20481
5.34962,58.3029,1.21036
5.35462,57.214,1.199
5.35962,58.8443,1.21597
5.36462,57.8224,1.20536
5.36962,55.8251,1.18436
5.37462,57.6367,1.20342
5.37962,57.0205,1.19698
5.38462,56.1737,1.18805
5.38962,56.5093,1.1916
5.39462,55.344,1.17925
5.39962,54.8079,1.17352
5.40462,54.9182,1.1747
5.40962,54.2517,1.16755
5.41462,55.1062,1.17671
5.41962,54.5571,1.17083
5.42462,53.666,1.16123
5.42962,53.7918,1.16259
5.43462,52.3382,1.14678
5.43962,51.9887,1.14294
5.44462,53.2898,1.15716
5.44962,53.775,1.16241
5.45462,50.5683,1.12722
5.45962,51.2738,1.13506
5.46462,51.3999,1.13645
5.46962,49.8243,1.1189
5.47462,47.8832,1.09688
5.47962,48.7967,1.1073
5.48462,50.2765,1.12396
5.48962,51.8183,1.14107
5.49462,50.2644,1.12383
5.49962,48.3661,1.1024
5.50462,49.6268,1.11668
5.50962,48.6233,1.10533
5.51462,47.108,1.08797
5.51962,47.782,1.09572
5.52462,46.6557,1.08273
5.52962,47.5806,1.09341
5.53462,46.503,1.08096
5.53962,45.692,1.07149
5.54462,46.9314,1.08593
5.54962,46.4406,1.08024
5.55462,46.3401,1.07907
5.55962,45.5765,1.07014
5.56462,44.3375,1.05549
5.56962,46.1737,1.07713
5.57462,45.7606,1.0723
5.57962,45.4785,1.06899
5.58462,45.6454,1.07095
5.58962,45.9329,1.07432
5.59462,45.0865,1.06437
5.59962,43.8596,1.04979
5.60462,44.167,1.05346
5.60962,44.899,1.06216
5.61462,44.3154,1.05523
5.61962,46.0563,1.07576
5.62462,44.4096,1.05635
5.62962,44.0452,1.05201
5.63462,42.7273,1.03615
5.63962,43.6005,1.04668
5.64462,44.1015,1.05268
5.64962,44.4045,1.05629
5.65462,43.7328,1.04827
5.65962,43.8662,1.04987
5.66462,43.2703,1.04271
5.66962,43.4337,1.04468
5.67462,44.7687,1.06061
5.67962,43.3599,1.04379
5.68462,43.7213,1.04813
5.68962,43.196,1.04182
5.69462,43.5656,1.04626
5.69962,42.837,1.03748
5.70462,42.2483,1.03033
5.70962,42.11,1.02864
5.71462,42.815,1.03721
5.71962,43.2532,1.04251
5.72462,42.6276,1.03494
5.72962,41.6792,1.02336
5.73462,41.2545,1.01813
5.73962,41.5203,1.02141
5.74462,43.716,1.04807
5.74962,42.9644,1.03902
5.75462,40.5134,1.00895
5.75962,41.7537,1.02428
5.76462,40.7603,1.01202
5.76962,41.5372,1.02162
5.77462,40.8945,1.01368
5.77962,39.849,1.00064
5.78462,41.1885,1.01732
5.78962,40.5159,1.00898
5.79462,40.9906,1.01487
5.79962,40.9749,1.01468
5.80462,40.4732,1.00845
5.80962,42.2391,1.03021
5.81462,40.4261,1.00786
5.81962,40.043,1.00307
5.82462,40.8916,1.01365
5.82962,39.8234,1.00032
5.83462,39.5886,0.997366
5.83962,39.6814,0.998534
5.84462,38.6918,0.986004
5.84962,40.1067,1.00387
5.85462,40.2862,1.00612
5.85962,40.4874,1.00863
5.86462,39.9717,1.00218
5.86962,39.9526,1.00194
5.87462,40.4205,1.00779
5.87962,39.1196,0.991441
5.88462,38.2578,0.980459
5.88962,39.414,0.995165
5.89462,38.8384,0.987871
5.89962,38.9745,0.9896
5.90462,39.5,0.99625
5.90962,38.5807,0.984588
5.91462,39.9505,1.00192
5.91962,38.2454,0.980301
5.92462,37.8776,0.975576
5.92962,38.0647,0.977982
5.93462,38.5829,0.984616
5.93962,38.6562,0.985552
5.94462,36.8128,0.961766
5.94962,36.359,0.955819
5.95462,37.3718,0.96904
5.95962,37.925,0.976185
5.96462,36.6556,0.959709
5.96962,36.4822,0.957436
5.97462,37.1428,0.966066
5.97962,37.1093,0.96563
5.98462,36.9459,0.963503
5.98962,37.0735,0.965164
5.99462,37.6403,0.972515
5.99962,36.3037,0.955092
6.00462,36.1452,0.953005
6.00962,37.6486,0.972623
6.01462,35.3174,0.942028
6.01962,34.2868,0.928182
6.02462,36.3562,0.955782
6.02962,36.3084,0.955154
6.03462,36.0084,0.951199
6.03962,34.8582,0.935885
6.04462,35.292,0.94169
6.04962,35.5331,0.9449
6.05462,35.3887,0.942979
6.05962,33.7523,0.920919
6.06462,35.4822,0.944224
6.06962,34.5144,0.931258
6.07462,34.4317,0.930141
6.07962,36.8004,0.961604
6.08462,35.3251,0.942132
6.08962,35.0518,0.938479
6.09462,35.2617,0.941285
6.09962,33.8777,0.922629
6.10462,34.3759,0.929386
6.10962,35.417,0.943355
6.11462,34.112,0.925812
6.11962,33.0609,0.911437
6.12462,32.766,0.907363
6.12962,33.4896,0.917328
6.13462,32.0898,0.897952
6.13962,33.3827,0.915863
6.14462,33.7844,0.921356
6.14962,33.4407,0.916658
6.15462,34.5091,0.931186
6.15962,33.9515,0.923632
6.16462,33.1624,0.912836
6.16962,33.1977,0.913321
6.17462,33.2893,0.914581
6.17962,32.6475,0.905721
6.18462,31.3197,0.887113
6.18962,31.7834,0.893655
6.19462,31.2676,0.886374
6.19962,31.2495,0.886117
6.20462,31.2326,0.885877
6.20962,32.2775,0.900574
6.21462,30.7543,0.879068
6.21962,31.7208,0.892775
6.22462,30.6283,0.877265
6.22962,30.3763,0.87365
6.23462,29.3914,0.859368
6.23962,30.6092,0.876992
6.24462,29.6139,0.862616
6.24962,30.4228,0.874318
6.25462,30.4997,0.875422
6.25962,30.3211,0.872854
6.26462,30.7078,0.878404
6.26962,28.4128,0.844942
6.27462,29.9193,0.867053
6.27962,30.1314,0.870121
6.28462,29.8195,0.865605
6.28962,28.4893,0.846078
6.29462,29.1004,0.855105
6.29962,29.3296,0.858465
6.30462,29.2909,0.857899
6.30962,28.765,0.850162
6.31462,29.4415,0.860101
6.31962,28.4106,0.844909
6.32462,29.101,0.855113
6.32962,27.7396,0.834872
6.33462,27.1268,0.825599
6.33962,28.2235,0.842122
6.34462,28.3914,0.844624
6.34962,28.4101,0.844902
6.35462,28.3163,0.843506
6.35962,27.5174,0.831522
6.36462,28.2208,0.842082
6.36962,27.2525,0.82751
6.37462,27.1558,0.82604
6.37962,28.3261,0.843651
6.38462,28.1489,0.841008
6.38962,27.8707,0.836842
6.39462,27.6254,0.833152
6.39962,26.6188,0.817831
6.40462,26.3144,0.813143
6.40962,26.4563,0.815331
6.41462,26.9972,0.823623
6.41962,26.6807,0.818782
6.42462,26.042,0.808922
6.42962,25.3701,0.798418
6.43462,26.1302,0.810291
6.43962,25.9524,0.80753
6.44462,25.6909,0.803451
6.44962,26.5367,0.81657
6.45462,26.5425,0.816659
6.45962,25.0706,0.793691
6.46462,25.6852,0.803361
6.46962,26.6198,0.817847
6.47462,25.5288,0.800912
6.47962,25.9389,0.807319
6.48462,25.2391,0.796354
6.48962,24.7271,0.788236
6.49462,24.4527,0.78385
6.49962,24.5059,0.784702
6.50462,24.215,0.780031
6.50962,24.5887,0.786027
6.51462,24.6566,0.787112
6.51962,25.8719,0.806276
6.52462,25.1774,0.795381
6.52962,23.845,0.774048
6.53462,23.9981,0.77653
6.53962,23.8952,0.774863
6.54462,24.2233,0.780165
6.54962,24.1263,0.7786
6.55462,23.6009,0.770077
6.55962,23.3536,0.766031
6.56462,23.0099,0.760373
6.56962,22.4433,0.750954
6.57462,22.3713,0.749747
6.57962,23.3023,0.76519
6.58462,22.1284,0.745666
6.58962,22.2019,0.746904
6.59462,23.7259,0.772113
6.59962,23.2124,0.763712
6.60462,23.6602,0.771043
6.60962,21.879,0.741453
6.61462,21.9479,0.74262
6.61962,22.0094,0.743659
6.62462,22.3788,0.749873
6.62962,21.6498,0.737558
6.63462,22.8566,0.757836
6.63962,22.4209,0.750578
6.64462,22.0582,0.744483
6.64962,21.5035,0.735063
6.65462,22.4726,0.751443
6.65962,23.4438,0.76751
6.66462,21.9736,0.743054
6.66962,21.1211,0.728497
6.67462,20.9268,0.725139
6.67962,21.176,0.729443
6.68462,21.8649,0.741213
6.68962,22.2463,0.74765
6.69462,21.7102,0.738587
6.69962,20.6302,0.719981
6.70462,20.8142,0.723184
6.70962,21.4494,0.734137
6.71462,20.4696,0.717173
6.71962,20.8437,0.723698
6.72462,20.6221,0.719841
6.72962,21.7569,0.73938
6.73462,21.3435,0.732323
6.73962,20.9512,0.72556
6.74462,20.4668,0.717124
6.74962,20.8992,0.72466
6.75462,20.3779,0.715565
6.75962,19.7852,0.705082
6.76462,19.5887,0.701573
6.76962,19.0481,0.691823
6.77462,20.2985,0.714169
6.77962,19.4395,0.698895
6.78462,20.3207,0.71456
6.78962,20.541,0.718423
6.79462,19.7529,0.704507
6.79962,20.3283,0.714694
6.80462,19.9316,0.707687
6.80962,18.8865,0.688883
6.81462,20.2539,0.713385
6.81962,19.1612,0.693875
6.82462,18.0029,0.672575
6.82962,19.54,0.7007
6.83462,19.3348,0.697011
6.83962,19.8564,0.706349
6.84462,19.4517,0.699114
6.84962,18.8884,0.688918
6.85462,18.9433,0.689918
6.85962,19.4533,0.699143
6.86462,19.9314,0.707682
6.86962,19.5099,0.700159
6.87462,18.7067,0.685595
6.87962,18.2473,0.677125
6.88462,17.8149,0.669054
6.88962,18.2528,0.677226
6.89462,18.8905,0.688956
6.89962,18.1457,0.675237
6.90462,18.9671,0.690351
6.90962,18.8713,0.688606
6.91462,18.6192,0.683991
6.91962,18.2065,0.676367
6.92462,17.6742,0.666408
6.92962,18.3061,0.678215
6.93462,17.7081,0.667046
6.93962,18.0594,0.67363
6.94462,18.2164,0.676551
6.94962,17.8278,0.669296
6.95462,17.9709,0.671977
6.95962,18.7204,0.685846
6.96462,18.7697,0.68675
6.96962,17.6881,0.666669
6.97462,17.404,0.661292
6.97962,17.532,0.663721
6.98462,16.8514,0.65071
6.98962,17.2173,0.657737
6.99462,16.6101,0.646034
6.99962,17.599,0.664988
7.00462,16.6524,0.646857
7.00962,16.1215,0.636461
7.01462,16.8855,0.651368
7.01962,16.6156,0.646142
7.02462,16.384,0.641622
7.02962,16.4595,0.643099
7.03462,16.7053,0.647884
7.03962,15.9692,0.633449
7.04462,16.296,0.639897
7.04962,16.7129,0.648031
7.05462,17.093,0.655359
7.05962,16.064,0.635326
7.06462,16.135,0.636727
7.06962,16.5805,0.645458
7.07462,17.5357,0.663791
7.07962,17.0304,0.654158
7.08462,16.7378,0.648513
7.08962,16.532,0.644514
7.09462,15.9503,0.633074
7.09962,15.649,0.627065
7.10462,16.3938,0.641814
7.10962,16.6856,0.647501
7.11462,16.3917,0.641773
7.11962,15.2488,0.618995
7.12462,15.8659,0.631397
7.12962,15.5929,0.625941
7.13462,15.2457,0.618933
7.13962,15.1214,0.616404
7.14462,14.8467,0.61078
7.14962,14.8813,0.611492
7.15462,15.0971,0.615909
7.15962,14.5299,0.604228
7.16462,15.1036,0.616041
7.16962,15.5704,0.625489
7.17462,15.1315,0.61661
7.17962,14.3545,0.60057
7.18462,14.9239,0.612365
7.18962,15.1272,0.616523
7.19462,14.8331,0.6105
7.19962,15.323,0.620499
7.20462,14.9293,0.612476
7.20962,14.4541,0.602649
7.21462,15.0687,0.615328
7.21962,13.768,0.588172
7.22462,14.0673,0.594532
7.22962,15.3024,0.620083
7.23462,14.6167,0.606031
7.23962,14.0245,0.593626
7.24462,14.8242,0.610317
7.24962,14.4229,0.602
7.25462,13.506,0.582549
7.25962,14.2312,0.597985
7.26462,14.6759,0.607256
7.26962,13.8974,0.590931
7.27462,14.0282,0.593705
7.27962,13.5797,0.584138
7.28462,14.0874,0.594956
7.28962,14.4706,0.602994
7.29462,14.2577,0.598542
7.29962,13.4309,0.580929
7.30462,13.3892,0.580026
7.30962,13.1818,0.575516
7.31462,13.8294,0.589484
7.31962,13.0767,0.573217
7.32462,13.0219,0.572013
7.32962,14.0537,0.594244
7.33462,13.4949,0.582311
7.33962,13.6727,0.586134
7.34462,13.2111,0.576154
7.34962,13.3583,0.579355
7.35462,14.2439,0.598251
7.35962,13.4645,0.581654
7.36462,13.6555,0.585766
7.36962,12.8966,0.569255
7.37462,13.5274,0.583012
7.37962,12.9291,0.569972
7.38462,12.4048,0.558296
7.38962,13.4884,0.58217
7.39462,13.4685,0.58174
7.39962,13.2482,0.576964
7.40462,13.5321,0.583113
7.40962,13.1951,0.575806
7.41462,12.4974,0.560377
7.41962,12.6957,0.564804
7.42462,13.5273,0.583009
7.42962,13.1366,0.574528
7.43462,12.8753,0.568786
7.43962,12.333,0.556678
7.44462,12.2804,0.55549
7.44962,11.7436,0.543212
7.45462,12.4426,0.559147
7.45962,12.5751,0.562115
7.46462,12.4049,0.558298
7.46962,12.2003,0.553674
7.47462,12.35,0.557062
7.47962,11.4984,0.537513
7.48462,11.6981,0.54216
7.48962,11.3008,0.532875
7.49462,11.8652,0.546017
7.49962,11.6304,0.540588
7.50462,12.8466,0.568151
7.50962,12.1353,0.552198
7.51462,11.8759,0.546263
7.51962,12.9746,0.570974
7.52462,11.1539,0.529399
7.52962,11.8979,0.54677
7.53462,12.6464,0.563706
7.53962,11.868,0.546083
7.54462,11.5168,0.537943
7.54962,12.6102,0.562898
7.55462,11.5455,0.538611
7.55962,12.2833,0.555554
7.56462,12.3187,0.556354
7.56962,12.0195,0.549558
7.57462,11.6018,0.539924
7.57962,11.923,0.547347
7.58462,11.7732,0.543897
7.58962,11.2426,0.5315
7.59462,11.8248,0.545089
7.59962,11.8167,0.544901
7.60462,11.1662,0.529691
7.60962,11.1631,0.529617
7.61462,11.1307,0.528847
7.61962,11.7953,0.544408
7.62462,10.3387,0.509686
7.62962,11.1447,0.529181
7.63462,11.2428,0.531505
7.63962,11.4003,0.535214
7.64462,11.603,0.539951
7.64962,10.6784,0.517991
7.65462,10.7432,0.51956
7.65962,11.4542,0.536478
7.66462,10.7287,0.519209
7.66962,10.6047,0.516202
7.67462,10.9362,0.524208
7.67962,11.172,0.529829
7.68462,10.5163,0.514045
7.68962,10.9549,0.524655
7.69462,11.0169,0.526137
7.69962,10.451,0.512447
7.70462,10.3438,0.509811
7.70962,10.1385,0.504727
7.71462,10.4525,0.512482
7.71962,10.4042,0.511298
7.72462,10.4473,0.512355
7.72962,10.0464,0.502429
7.73462,10.521,0.514159
7.73962,10.8744,0.522724
7.74462,10.1115,0.504054
7.74962,9.8189,0.496708
7.75462,10.0952,0.503647
7.75962,10.3948,0.511068
7.76462,9.99194,0.501066
7.76962,10.037,0.502194
7.77462,9.52091,0.489113
7.77962,10.063,0.502845
7.78462,10.301,0.508756
7.78962,10.2571,0.507669
7.79462,10.045,0.502394
7.79962,9.53079,0.489366
7.80462,9.95926,0.500246
7.80962,10.7325,0.519301
7.81462,9.71604,0.494099
7.81962,9.87775,0.498194
7.82462,9.4394,0.487014
7.82962,9.21195,0.481111
7.83462,9.66954,0.492916
7.83962,9.56184,0.490163
7.84462,9.48694,0.488239
7.84962,9.69833,0.493649
7.85462,10.242,0.507297
7.85962,9.28759,0.483082
7.86462,9.58947,0.49087
7.86962,9.1099,0.478439
7.87462,9.22773,0.481523
7.87962,9.37596,0.485375
7.88462,9.96657,0.500429
7.88962,9.41791,0.48646
7.89462,9.54234,0.489663
7.89962,9.11136,0.478477
7.90462,9.18403,0.480382
7.90962,9.23466,0.481704
7.91462,8.79099,0.46999
7.91962,8.81362,0.470594
7.92462,9.06534,0.477267
7.92962,8.51881,0.462657
7.93462,9.12204,0.478757
7.93962,8.49997,0.462145
7.94462,8.75037,0.468903
7.94962,9.0271,0.47626
7.95462,8.73961,0.468614
7.95962,9.05819,0.477079
7.96462,8.69619,0.467449
7.96962,9.0298,0.476331
7.97462,9.05584,0.477017
7.97962,9.31906,0.4839
7.98462,8.09803,0.451086
7.98962,8.51041,0.462429
7.99462,9.33233,0.484244
7.99962,9.01128,0.475842
8.00462,8.95414,0.474331
8.00962,9.16791,0.47996
8.01462,8.9545,0.474341
8.01962,8.68125,0.467047
8.02462,8.93329,0.473779
8.02962,8.32337,0.457319
8.03462,8.71258,0.467889
8.03962,8.54169,0.463278
8.04462,7.9673,0.44743
8.04962,8.93211,0.473747
8.05462,8.73561,0.468507
8.05962,8.8731,0.47218
8.06462,8.6637,0.466575
8.06962,8.7382,0.468577
8.07462,8.40437,0.459539
8.07962,8.04061,0.449484
8.08462,8.52904,0.462935
8.08962,8.17292,0.453167
8.09462,8.40027,0.459427
8.09962,7.6604,0.438728
8.10462,8.00366,0.44845
8.10962,8.48235,0.461666
8.11462,7.96719,0.447427
8.11962,8.28166,0.456172
8.12462,8.56309,0.463858
8.12962,7.95644,0.447125
8.13462,7.82135,0.443313
8.13962,8.18726,0.453564
8.14462,7.99697,0.448263
8.14962,7.78448,0.442267
8.15462,7.43624,0.432261
8.15962,7.536,0.435151
8.16462,8.11108,0.451449
8.16962,7.68974,0.439567
8.17462,7.30201,0.428342
8.17962,7.73689,0.440913
8.18462,7.63005,0.437858
8.18962,7.78595,0.442309
8.19462,7.82808,0.443504
8.19962,7.62,0.437569
8.20462,6.91613,0.416871
8.20962,7.34512,0.429605
8.21462,7.49199,0.433879
8.21962,7.72747,0.440644
8.22462,7.58556,0.43658
8.22962,7.2412,0.426555
8.23462,7.82576,0.443438
8.23962,7.73972,0.440994
8.24462,7.69479,0.439712
8.24962,7.88026,0.444979
8.25462,7.2873,0.42791
8.25962,7.5156,0.434562
8.26462,6.9488,0.417854
8.26962,6.655,0.408925
8.27462,7.28233,0.427765
8.27962,7.05183,0.42094
8.28462,6.98097,0.41882
8.28962,6.60964,0.407529
8.29462,7.05061,0.420904
8.29962,6.80271,0.413438
8.30462,6.46171,0.402943
8.30962,7.29605,0.428167
8.31462,7.04619,0.420772
8.31962,6.57045,0.406319
8.32462,6.81712,0.413876
8.32962,7.23026,0.426233
8.33462,7.23571,0.426393
8.33962,7.24045,0.426533
8.34462,7.06513,0.421337
8.34962,6.23364,0.395768
8.35462,6.24484,0.396123
8.35962,6.50529,0.404299
8.36462,6.97072,0.418513
8.36962,7.0724,0.421554
8.37462,6.83825,0.414517
8.37962,6.72286,0.411005
8.38462,6.30438,0.398007
8.38962,6.95419,0.418016
8.39462,6.41494,0.401482
8.39962,6.52292,0.404847
8.40462,6.35698,0.399664
8.40962,6.56446,0.406134
8.41462,6.78059,0.412766
8.41962,6.82308,0.414057
8.42462,6.37502,0.400231
8.42962,6.34955,0.39943
8.43462,6.99806,0.419332
8.43962,6.27096,0.396951
8.44462,6.11512,0.391988
8.44962,6.08997,0.39118
8.45462,6.08305,0.390958
8.45962,6.98959,0.419079
8.46462,7.0179,0.419927
8.46962,7.09028,0.422086
8.47462,6.74881,0.411797
8.47962,5.76967,0.380755
8.48462,6.16171,0.393478
8.48962,6.79854,0.413312
8.49462,5.97071,0.387331
8.49962,6.1761,0.393937
8.50462,6.18281,0.394151
8.50962,6.12604,0.392337
8.51462,6.12337,0.392252
8.51962,6.21844,0.395285
8.52462,6.27716,0.397147
8.52962,6.17616,0.393939
8.53462,6.1159,0.392012
8.53962,5.71683,0.379007
8.54462,6.1117,0.391878
8.54962,6.37305,0.400169
8.55462,6.33505,0.398974
8.55962,5.66078,0.377144
8.56462,5.51635,0.372302
8.56962,5.84234,0.383145
8.57462,5.96871,0.387266
8.57962,6.39418,0.400832
8.58462,5.63337,0.37623
8.58962,5.74843,0.380053
8.59462,6.10862,0.391779
8.59962,6.38061,0.400406
8.60462,6.34443,0.399269
8.60962,5.90682,0.385253
8.61462,6.31854,0.398454
8.61962,6.09801,0.391439
8.62462,5.59213,0.374851
8.62962,5.5058,0.371946
8.63462,5.63141,0.376165
8.63962,6.35015,0.399449
8.64462,5.81739,0.382326
8.64962,5.69452,0.378267
8.65462,6.0577,0.390143
8.65962,5.20402,0.361609
8.66462,5.93088,0.386037
8.66962,5.82248,0.382493
8.67462,5.94229,0.386408
8.67962,5.8009,0.381784
8.68462,6.07646,0.390746
8.68962,6.14855,0.393058
8.69462,5.54237,0.373179
8.69962,5.27968,0.364228
8.70462,5.01856,0.355107
8.70962,5.58123,0.374485
8.71462,5.46717,0.370639
8.71962,5.42767,0.369298
8.72462,4.99447,0.354253
8.72962,5.39333,0.368127
8.73462,5.05679,0.356457
8.73962,5.08909,0.357594
8.74462,5.27859,0.364191
8.74962,4.98157,0.353796
8.75462,4.75162,0.345534
8.75962,5.26695,0.363789
8.76462,5.13324,0.359141
8.76962,5.00698,0.354697
8.77462,5.51205,0.372157
8.77962,5.43693,0.369612
8.78462,5.04687,0.356107
8.78962,4.80225,0.34737
8.79462,5.10521,0.35816
8.79962,5.17268,0.360519
8.80462,5.2781,0.364174
8.80962,5.02969,0.3555
8.81462,5.18707,0.361019
8.81962,4.6841,0.34307
8.82462,4.62465,0.340886
8.82962,5.12976,0.35902
8.83462,4.86094,0.349486
8.83962,4.54764,0.338036
8.84462,4.95272,0.35277
8.84962,4.61806,0.340643
8.85462,4.78155,0.34662
8.85962,4.57478,0.339043
8.86462,4.9119,0.351313
8.86962,5.20428,0.361618
8.87462,4.57913,0.339204
8.87962,5.39776,0.368279
8.88462,5.25615,0.363416
8.88962,4.90904,0.351211
8.89462,4.74637,0.345343
8.89962,4.56732,0.338766
8.90462,4.74171,0.345173
8.90962,5.20823,0.361755
8.91462,5.22458,0.362322
8.91962,4.79924,0.347261
8.92462,4.57845,0.339179
8.92962,4.49445,0.336053
8.93462,4.39219,0.332208
8.93962,5.19227,0.3612
8.94462,5.16736,0.360333
8.94962,4.29915,0.328671
8.95462,4.57125,0.338912
8.95962,4.45236,0.334476
8.96462,4.52192,0.337078
8.96962,4.40995,0.332879
8.97462,4.64857,0.341766
8.97962,4.41702,0.333146
8.98462,4.42519,0.333454
8.98962,4.73229,0.34483
8.99462,4.40182,0.332572
8.99962,4.05716,0.319286
9.00462,4.54989,0.338119
9.00962,4.64979,0.341811
9.01462,4.58007,0.339239
9.01962,4.46268,0.334863
9.02462,4.94822,0.352609
9.02962,4.51727,0.336905
9.03462,4.4207,0.333285
9.03962,4.28054,0.327958
9.04462,4.38383,0.331892
9.04962,4.39995,0.332502
9.05462,4.94279,0.352416
9.05962,4.69134,0.343335
9.06462,4.7532,0.345591
9.06962,4.36732,0.331266
9.07462,4.09114,0.320621
9.07962,4.71665,0.34426
9.08462,4.415,0.33307
9.08962,4.66207,0.342262
9.09462,4.66248,0.342277
9.09962,4.36797,0.331291
9.10462,4.77083,0.346231
9.10962,4.80951,0.347632
9.11462,4.17802,0.324008
9.11962,3.92544,0.314061
9.12462,3.86685,0.311708
9.12962,4.34095,0.330265
9.13462,3.88135,0.312292
9.13962,3.89691,0.312917
9.14462,4.16817,0.323625
9.14962,4.41217,0.332963
9.15462,4.21451,0.325419
9.15962,4.38359,0.331883
9.16462,4.37846,0.331689
9.16962,4.19586,0.324699
9.17462,4.28275,0.328043
9.17962,4.20191,0.324933
9.18462,3.91231,0.313535
9.18962,3.90401,0.313202
9.19462,3.98892,0.31659
9.19962,4.17023,0.323705
9.20462,3.90687,0.313317
9.20962,4.34587,0.330452
9.21462,4.02134,0.317874
9.21962,3.44513,0.29422
9.22462,3.53249,0.297927
9.22962,3.70567,0.305143
9.23462,3.75448,0.307146
9.23962,4.02846,0.318155
9.24462,3.6491,0.302805
9.24962,3.80576,0.309236
9.25462,4.10172,0.321035
9.25962,3.76747,0.307677
9.26462,3.79308,0.308721
9.26962,3.7242,0.305905
9.27462,4.45541,0.334591
9.27962,3.86439,0.311609
9.28462,4.16336,0.323439
9.28962,3.927,0.314123
9.29462,3.97914,0.316202
9.29962,3.88748,0.312539
9.30462,4.06887,0.319747
9.30962,4.11292,0.321473
9.31462,3.87479,0.312028
9.31962,3.64546,0.302654
9.32462,3.37459,0.291192
9.32962,3.56334,0.299225
9.33462,3.68285,0.304202
9.33962,4.2031,0.324978
9.34462,3.92206,0.313925
9.34962,3.4953,0.296355
9.35462,3.44003,0.294002
9.35962,3.50748,0.296871
9.36462,3.4151,0.292935
9.36962,3.66897,0.303628
9.37462,3.76608,0.30762
9.37962,3.75895,0.307329
9.38462,3.71124,0.305372
9.38962,3.60344,0.300904
9.39462,3.60184,0.300838
9.39962,3.54148,0.298306
9.40462,3.38429,0.291611
9.40962,3.42858,0.293513
9.41462,3.73147,0.306203
9.41962,3.51193,0.297059
9.42462,3.96196,0.315519
9.42962,3.65187,0.30292
9.43462,2.99762,0.274447
9.43962,3.1354,0.280683
9.44462,2.96013,0.272725
9.44962,3.0134,0.275168
9.45462,3.74554,0.30678
9.45962,3.65292,0.302963
9.46462,3.12577,0.280252
9.46962,3.48794,0.296043
9.47462,3.26552,0.286448
9.47962,3.17607,0.282497
9.48462,3.24749,0.285656
9.48962,3.20449,0.283758
9.49462,3.163,0.281916
9.49962,3.46363,0.295009
9.50462,3.48522,0.295927
9.50962,3.655,0.303049
9.51462,3.55211,0.298753
9.51962,3.32486,0.289039
9.52462,3.39377,0.292019
9.52962,3.28962,0.287503
9.53462,3.43755,0.293896
9.53962,3.47081,0.295315
9.54462,3.15317,0.281477
9.54962,3.34485,0.289906
9.55462,3.54974,0.298654
9.55962,3.13835,0.280815
9.56462,3.20117,0.283612
9.56962,3.11334,0.279694
9.57462,3.23955,0.285307
9.57962,3.35492,0.290343
9.58462,3.17528,0.282462
9.58962,3.37432,0.291181
9.59462,3.0809,0.278233
9.59962,3.1775,0.282561
9.60462,2.96982,0.273171
9.60962,3.01448,0.275217
9.61462,3.47251,0.295387
9.61962,3.23245,0.284994
9.62462,2.88073,0.269043
9.62962,2.82151,0.266263
9.63462,3.09279,0.278769
9.63962,2.69592,0.26027
9.64462,3.11046,0.279565
9.64962,2.91369,0.270577
9.65462,3.26812,0.286562
9.65962,3.05139,0.276897
9.66462,3.25483,0.285979
9.66962,2.949,0.272212
9.67462,2.95634,0.27255
9.67962,2.82423,0.266391
9.68462,3.25835,0.286133
9.68962,3.24745,0.285655
9.69462,2.9493,0.272226
9.69962,2.80035,0.265262
9.70462,2.90219,0.270043
9.70962,3.08803,0.278555
9.71462,2.87357,0.268708
9.71962,3.05001,0.276834
9.72462,3.06935,0.277711
9.72962,2.98087,0.273679
9.73462,3.1089,0.279495
9.73962,2.88722,0.269345
9.74462,2.93886,0.271743
9.74962,3.0366,0.276225
9.75462,3.08406,0.278375
9.75962,2.66021,0.25854
9.76462,2.57446,0.254339
9.76962,3.11741,0.279877
9.77462,3.10284,0.279222
9.77962,3.19429,0.283307
9.78462,2.96689,0.273036
9.78962,3.40188,0.292368
9.79462,2.52887,0.252077
9.79962,2.60891,0.256035
9.80462,2.79682,0.265095
9.80962,2.56028,0.253637
9.81462,2.87955,0.268987
9.81962,3.00899,0.274967
9.82462,3.13345,0.280596
9.82962,2.68181,0.259587
9.83462,2.80235,0.265357
9.83962,2.7311,0.261962
9.84462,2.56393,0.253818
9.84962,2.38605,0.244855
9.85462,2.32154,0.241523
9.85962,2.4132,0.246244
9.86462,2.44076,0.247647
9.86962,2.87457,0.268755
9.87462,2.61806,0.256483
9.87962,2.87225,0.268646
9.88462,2.76377,0.263524
9.88962,2.61521,0.256344
9.89462,2.25106,0.237828
9.89962,2.38316,0.244707
9.90462,2.71998,0.261428
9.90962,2.90028,0.269954
9.91462,2.61439,0.256304
9.91962,2.53422,0.252343
9.92462,2.67394,0.259206
9.92962,2.74561,0.262657
9.93462,2.77421,0.264022
9.93962,2.9346,0.271546
9.94462,2.70976,0.260937
9.94962,3.0339,0.276102
9.95462,2.56048,0.253648
9.95962,2.48201,0.24973
9.96462,2.33062,0.241994
9.96962,2.38406,0.244753
9.97462,3.05368,0.277001
9.97962,2.39312,0.245218
9.98462,2.60813,0.255997
9.98962,2.59085,0.255147
9.99462,2.2993,0.240363
9.99962,2.4559,0.248413
10.0046,2.65402,0.258239
10.0096,2.53142,0.252204
10.0146,2.49355,0.25031
10.0196,2.16299,0.233129
10.0246,2.37061,0.244062
10.0296,2.73021,0.261919
10.0346,2.48449,0.249855
10.0396,2.44851,0.248039
10.0446,2.14509,0.232163
10.0496,2.32588,0.241748
10.0546,2.53766,0.252515
10.0596,2.27006,0.23883
10.0646,2.1754,0.233797
10.0696,2.37091,0.244077
10.0746,2.47838,0.249547
10.0796,2.04104,0.226462
10.0846,2.13442,0.231585
10.0896,2.49127,0.250196
10.0946,2.28944,0.239847
10.0996,2.49202,0.250233
10.1046,2.26458,0.238541
10.1096,2.36061,0.243547
10.1146,2.2917,0.239965
10.1196,2.00933,0.224696
10.1246,2.63535,0.257329
10.1296,2.31422,0.241141
10.1346,2.47466,0.24936
10.1396,2.12734,0.2312
10.1446,2.04421,0.226638
10.1496,2.08223,0.228736
10.1546,2.11949,0.230773
10.1596,2.13815,0.231787
10.1646,2.08109,0.228673
10.1696,2.1042,0.229939
10.1746,2.18292,0.234201
10.1796,2.25023,0.237784
10.1846,2.87119,0.268597
10.1896,2.61419,0.256294
10.1946,2.13841,0.231801
10.1996,2.65732,0.258399
10.2046,2.57746,0.254487
10.2096,2.18689,0.234413
10.2146,2.1751,0.233781
10.2196,2.13233,0.231471
10.2246,2.09485,0.229428
10.2296,2.04965,0.226939
10.2346,1.90809,0.218962
10.2396,2.38966,0.24504
10.2446,2.10413,0.229935
10.2496,2.01242,0.224869
10.2546,2.34338,0.242656
10.2596,2.25,0.237772
10.2646,2.12711,0.231187
10.2696,2.5026,0.250764
10.2746,2.21021,0.23566
10.2796,2.15889,0.232908
10.2846,2.50521,0.250895
10.2896,2.06486,0.22778
10.2946,1.94853,0.221271
10.2996,1.96272,0.222075
10.3046,1.96257,0.222066
10.3096,1.89304,0.218097
10.3146,1.72132,0.20797
10.3196,2.05214,0.227077
10.3246,1.99282,0.223771
10.3296,1.79333,0.212275
10.3346,1.63054,0.202411
10.3396,1.72977,0.20848
10.3446,2.10889,0.230195
10.3496,2.02389,0.225509
10.3546,2.24582,0.237551
10.3596,2.09897,0.229653
10.3646,2.08006,0.228617
10.3696,2.10127,0.229779
10.3746,2.23968,0.237226
10.3796,1.56876,0.19854
10.3846,1.69015,0.206078
10.3896,1.79503,0.212376
10.3946,2.05686,0.227338
10.3996,1.99156,0.2237
10.4046,2.03264,0.225995
10.4096,1.82601,0.214201
10.4146,2.09579,0.229479
10.4196,1.90666,0.21888
10.4246,1.92851,0.220131
10.4296,1.84185,0.215128
10.4346,1.93732,0.220633
10.4396,1.71985,0.207881
10.4446,1.87615,0.217122
10.4496,1.6756,0.205189
10.4546,2.1194,0.230768
10.4596,2.06093,0.227563
10.4646,1.90081,0.218544
10.4696,1.86879,0.216695
10.4746,2.18017,0.234053
10.4796,2.13577,0.231658
10.4846,1.78928,0.212036
10.4896,1.90723,0.218913
10.4946,2.05839,0.227422
10.4996,1.88724,0.217762
10.5046,2.05948,0.227483
10.5096,1.77072,0.210933
10.5146,1.76006,0.210297
10.5196,1.85582,0.215942
10.5246,1.95288,0.221517
10.5296,1.84307,0.215199
10.5346,1.75109,0.20976
10.5396,1.43037,0.18958
10.5446,1.52984,0.196062
10.5496,1.60973,0.201116
10.5546,2.01474,0.224998
10.5596,1.60948,0.2011
10.5646,1.66896,0.204782
10.5696,1.78293,0.211659
10.5746,1.73909,0.209041
10.5796,1.68616,0.205835
10.5846,1.65744,0.204074
10.5896,1.51162,0.194891
10.5946,1.3871,0.186691
10.5996,1.62344,0.20197
10.6046,1.88154,0.217433
10.6096,1.97712,0.222888
10.6146,1.60961,0.201108
10.6196,1.63184,0.202492
10.6246,1.85768,0.21605
10.6296,1.68566,0.205805
10.6346,1.71634,0.207669
10.6396,1.73251,0.208645
10.6446,1.56713,0.198437
10.6496,1.55454,0.197638
10.6546,1.61551,0.201477
10.6596,1.67733,0.205295
10.6646,1.53942,0.196674
10.6696,1.6129,0.201314
10.6746,1.64267,0.203163
10.6796,1.39924,0.187506
10.6846,1.71057,0.20732
10.6896,1.35896,0.184788
10.6946,1.59843,0.200408
10.6996,1.59464,0.200171
10.7046,1.49018,0.193504
10.7096,1.68554,0.205797
10.7146,1.17824,0.172063
10.7196,1.31646,0.181875
10.7246,1.6168,0.201557
10.7296,2.0681,0.227958
10.7346,1.6695,0.204816
10.7396,1.60717,0.200956
10.7446,1.52259,0.195597
10.7496,1.66846,0.204752
10.7546,1.59463,0.20017
10.7596,1.57587,0.198989
10.7646,1.3555,0.184552
10.7696,1.43895,0.190148
10.7746,1.63003,0.20238
10.7796,1.31935,0.182075
10.7846,1.81087,0.213311
10.7896,1.60451,0.20079
10.7946,1.67935,0.205419
10.7996,1.58949,0.199848
10.8046,1.45058,0.190915
10.8096,1.69966,0.206657
10.8146,1.59211,0.200012
10.8196,1.38878,0.186804
10.8246,1.38686,0.186675
10.8296,1.49406,0.193755
10.8346,1.16126,0.170819
10.8396,1.1525,0.170173
10.8446,1.4339,0.189814
10.8496,1.76509,0.210597
10.8546,1.54628,0.197113
10.8596,1.38627,0.186635
10.8646,1.30129,0.180824
10.8696,1.00543,0.158945
10.8746,1.48064,0.192883
10.8796,1.71136,0.207367
10.8846,1.23247,0.175978
10.8896,1.43375,0.189805
10.8946,1.3385,0.183392
10.8996,1.59681,0.200307
10.9046,1.77215,0.211018
10.9096,1.49803,0.194013
10.9146,1.62233,0.201901
10.9196,1.65073,0.203661
10.9246,1.25619,0.177663
10.9296,1.18434,0.172507
10.9346,1.40104,0.187627
10.9396,1.3772,0.186024
10.9446,1.62133,0.201839
10.9496,1.44911,0.190819
10.9546,1.34511,0.183844
10.9596,1.22564,0.17549
10.9646,1.35815,0.184733
10.9696,1.35087,0.184237
10.9746,1.48512,0.193175
10.9796,1.56226,0.198128
10.9846,1.43469,0.189867
10.9896,1.35136,0.18427
10.9946,1.43664,0.189996
10.9996,1.30097,0.180802
11.0046,1.18097,0.172262
11.0096,1.53781,0.196572
11.0146,1.60525,0.200836
11.0196,1.47981,0.192829
11.0246,1.43576,0.189937
11.0296,1.24288,0.176719
11.0346,1.18612,0.172637
11.0396,1.60523,0.200835
11.0446,1.4871,0.193303
11.0496,1.53089,0.196129
11.0546,1.64706,0.203435
11.0596,1.22331,0.175322
11.0646,1.12654,0.168245
11.0696,1.37077,0.185589
11.0746,1.33362,0.183057
11.0796,1.49688,0.193938
11.0846,1.07939,0.164687
11.0896,1.3879,0.186745
11.0946,1.72942,0.208458
11.0996,1.31517,0.181786
11.1046,1.37912,0.186153
11.1096,1.09546,0.165909
11.1146,0.923153,0.152302
11.1196,1.11445,0.16734
11.1246,1.11971,0.167735
11.1296,1.23683,0.176289
11.1346,1.39823,0.187439
11.1396,1.54057,0.196748
11.1446,1.10048,0.166288
11.1496,1.11137,0.167109
11.1546,1.07351,0.164237
11.1596,1.15863,0.170624
11.1646,1.26246,0.178106
11.1696,1.43682,0.190008
11.1746,1.26149,0.178038
11.1796,1.42871,0.189471
11.1846,1.3044,0.18104
11.1896,1.32876,0.182723
11.1946,1.16641,0.171197
11.1996,1.16877,0.17137
11.2046,1.31057,0.181468
11.2096,1.31896,0.182048
11.2146,1.09983,0.166239
11.2196,1.43645,0.189983
11.2246,1.36768,0.185379
11.2296,1.38208,0.186353
11.2346,1.17412,0.171762
11.2396,1.22566,0.175491
11.2446,1.32083,0.182177
11.2496,1.07371,0.164253
11.2546,0.936038,0.153361
11.2596,1.20627,0.174097
11.2646,1.35474,0.184501
11.2696,1.24998,0.177223
11.2746,1.44618,0.190625
11.2796,1.20947,0.174328
11.2846,1.55138,0.197437
11.2896,1.35669,0.184633
11.2946,1.14964,0.169962
11.2996,1.27205,0.178781
11.3046,1.17949,0.172154
11.3096,1.08697,0.165264
11.3146,1.08111,0.164818
11.3196,1.19224,0.173082
11.3246,1.27852,0.179235
11.3296,1.13443,0.168834
11.3346,1.07944,0.164691
11.3396,1.14281,0.169456
11.3446,1.25585,0.177639
11.3496,1.21939,0.175041
11.3546,1.12034,0.167782
11.3596,1.12179,0.16789
11.3646,1.02372,0.160384
11.3696,0.982714,0.157139
11.3746,1.00542,0.158944
11.3796,1.09192,0.16564
11.3846,1.03891,0.161569
11.3896,1.1922,0.173079
11.3946,1.01055,0.159348
11.3996,1.11632,0.167481
11.4046,1.06139,0.163308
11.4096,1.33559,0.183192
11.4146,1.08383,0.165025
11.4196,1.04633,0.162145
11.4246,1.10319,0.166492
11.4296,0.988384,0.157591
11.4346,0.987192,0.157496
11.4396,1.02066,0.160144
11.4446,1.16177,0.170856
11.4496,1.04714,0.162208
11.4546,1.13813,0.169109
11.4596,1.20581,0.174064
11.4646,1.13719,0.169039
11.4696,1.07932,0.164681
11.4746,1.05724,0.162988
11.4796,1.15707,0.17051
11.4846,1.10548,0.166665
11.4896,1.05941,0.163156
11.4946,0.944115,0.154022
11.4996,1.12309,0.167987
11.5046,1.20062,0.173689
11.5096,0.869508,0.147811
11.5146,0.923357,0.152319
11.5196,1.03251,0.16107
11.5246,0.840947,0.145363
11.5296,0.916538,0.151756
11.5346,1.0837,0.165016
11.5396,0.951685,0.154638
11.5446,1.0081,0.159155
11.5496,0.78245,0.140216
11.5546,0.784571,0.140406
11.5596,0.980222,0.156939
11.5646,1.02647,0.160599
11.5696,1.04506,0.162047
11.5746,0.91526,0.15165
11.5796,1.15286,0.1702
11.5846,1.35762,0.184696
11.5896,1.11313,0.167241
11.5946,1.04662,0.162168
11.5996,0.931275,0.152971
11.6046,0.918586,0.151925
11.6096,1.04468,0.162017
11.6146,1.04188,0.1618
11.6196,0.992129,0.15789
11.6246,0.959233,0.15525
11.6296,0.815727,0.143167
11.6346,1.19448,0.173245
11.6396,1.03355,0.161152
11.6446,0.906379,0.150912
11.6496,0.928084,0.152709
11.6546,1.29237,0.180203
11.6596,1.01627,0.159799
11.6646,0.902571,0.150595
11.6696,0.989994,0.15772
11.6746,0.778564,0.139867
11.6796,0.791131,0.140992
11.6846,0.761206,0.1383
11.6896,0.916128,0.151722
11.6946,1.01494,0.159695
11.6996,0.841084,0.145375
11.7046,0.883211,0.148971
11.7096,0.87726,0.148468
11.7146,0.863354,0.147287
11.7196,0.919617,0.15201
11.7246,0.831064,0.144506
11.7296,0.855871,0.146647
11.7346,0.824687,0.143951
11.7396,0.948394,0.15437
11.7446,1.00506,0.158915
11.7496,0.951149,0.154594
11.7546,0.822253,0.143738
11.7596,0.886947,0.149286
11.7646,0.924556,0.152418
11.7696,0.803306,0.142073
11.7746,0.748701,0.137159
11.7796,1.06169,0.163331
11.7846,0.922257,0.152228
11.7896,0.701575,0.132772
11.7946,0.785308,0.140472
11.7996,0.964119,0.155645
11.8046,0.961111,0.155402
11.8096,1.00138,0.158624
11.8146,0.874518,0.148236
11.8196,0.878143,0.148543
11.8246,1.12271,0.167959
11.8296,0.693287,0.131985
11.8346,0.828493,0.144283
11.8396,0.714236,0.133965
11.8446,0.855209,0.14659
11.8496,0.786841,0.140609
11.8546,0.773013,0.139368
11.8596,0.697207,0.132358
11.8646,0.976009,0.156602
11.8696,1.03467,0.161239
11.8746,0.966685,0.155852
11.8796,1.03478,0.161247
11.8846,1.13411,0.16881
11.8896,0.837997,0.145108
11.8946,0.947837,0.154325
11.8996,0.692476,0.131908
11.9046,0.680203,0.130734
11.9096,0.804098,0.142143
11.9146,1.00516,0.158923
11.9196,0.830904,0.144492
11.9246,0.749008,0.137187
11.9296,0.552588,0.117834
11.9346,0.741618,0.136508
11.9396,0.952851,0.154733
11.9446,0.915862,0.1517
11.9496,1.01297,0.159539
11.9546,0.846374,0.145831
11.9596,0.805254,0.142245
11.9646,0.848969,0.146055
11.9696,0.854369,0.146518
11.9746,0.806135,0.142323
11.9796,0.853472,0.146442
11.9846,0.622793,0.125095
11.9896,0.824462,0.143931
11.9946,0.614497,0.12426
11.9996,0.747787,0.137075
12.0046,0.735813,0.135973
12.0096,0.732286,0.135647
12.0146,1.00971,0.159282
12.0196,0.839249,0.145216
12.0246,0.811187,0.142768
12.0296,0.843394,0.145574
12.0346,0.774602,0.139511
12.0396,0.73025,0.135458
12.0446,0.625186,0.125336
12.0496,0.865548,0.147474
12.0546,0.792178,0.141085
12.0596,0.88387,0.149027
12.0646,0.730976,0.135526
12.0696,0.655959,0.128383
12.0746,0.898422,0.150248
12.0796,1.05384,0.162726
12.0846,0.878088,0.148538
12.0896,0.72762,0.135214
12.0946,0.709433,0.133514
12.0996,0.781001,0.140086
12.1046,0.825378,0.144011
12.1096,0.728918,0.135335
12.1146,0.642585,0.127068
12.1196,0.695953,0.132239
12.1246,0.815362,0.143135
12.1296,0.810021,0.142665
12.1346,0.598331,0.122614
12.1396,0.527244,0.1151
12.1446,0.482143,0.110067
12.1496,0.670785,0.129826
12.1546,0.883159,0.148967
12.1596,0.641727,0.126983
12.1646,0.778853,0.139893
12.1696,0.965362,0.155745
12.1746,0.873394,0.148141
12.1796,0.701055,0.132723
12.1846,0.721106,0.134607
12.1896,0.630748,0.125892
12.1946,0.450045,0.10634
12.1996,0.789967,0.140888
12.2046,0.776892,0.139717
12.2096,0.74326,0.13666
12.2146,0.955671,0.154962
12.2196,0.769847,0.139082
12.2246,0.683117,0.131014
12.2296,0.714104,0.133952
12.2346,0.673319,0.130071
12.2396,0.590774,0.121837
12.2446,0.604036,0.123197
12.2496,0.717621,0.134282
12.2546,0.626529,0.12547
12.2596,0.740452,0.136401
12.2646,0.793727,0.141223
12.2696,0.726104,0.135073
12.2746,0.726688,0.135127
12.2796,0.872871,0.148096
12.2846,0.787694,0.140685
12.2896,0.774135,0.139469
12.2946,0.909155,0.151143
12.2996,0.877094,0.148454
12.3046,0.597598,0.122539
12.3096,0.694996,0.132148
12.3146,0.601413,0.122929
12.3196,0.731952,0.135616
12.3246,0.763423,0.138501
12.3296,0.709359,0.133507
12.3346,0.497744,0.111834
12.3396,0.625212,0.125338
12.3446,0.517266,0.114006
12.3496,0.448839,0.106198
12.3546,0.616451,0.124457
12.3596,0.788171,0.140728
12.3646,0.683628,0.131063
12.3696,0.494034,0.111416
12.3746,0.595776,0.122352
12.3796,0.692781,0.131937
12.3846,0.824314,0.143918
12.3896,0.676305,0.130359
12.3946,0.556948,0.118298
12.3996,0.604203,0.123214
12.4046,0.586657,0.121412
12.4096,0.722333,0.134722
12.4146,0.458143,0.107293
12.4196,0.389233,0.0988951
12.4246,0.590031,0.121761
12.4296,0.754061,0.137649
12.4346,0.638752,0.126688
12.4396,0.498921,0.111966
12.4446,0.651442,0.12794
12.4496,0.519259,0.114225
12.4546,0.568151,0.119482
12.4596,0.666582,0.129419
12.4646,0.657724,0.128556
12.4696,0.663406,0.12911
12.4746,0.700881,0.132706
12.4796,0.632155,0.126032
12.4846,0.492403,0.111232
12.4896,0.5311,0.11552
12.4946,0.544936,0.117015
12.4996,0.581245,0.120851
12.5046,0.575703,0.120273
12.5096,0.706506,0.133238
12.5146,0.760965,0.138278
12.5196,0.716761,0.134201
12.5246,0.587869,0.121537
12.5296,0.47214,0.108919
12.5346,0.627349,0.125552
12.5396,0.780074,0.140003
12.5446,0.717764,0.134295
12.5496,0.772215,0.139296
12.5546,0.555307,0.118123
12.5596,0.404569,0.100824
12.5646,0.359861,0.0950904
12.5696,0.636044,0.126419
12.5746,0.501914,0.112301
12.5796,0.606491,0.123447
12.5846,0.576204,0.120326
12.5896,0.46887,0.108542
12.5946,0.569693,0.119644
12.5996,0.49308,0.111308
12.6046,0.47367,0.109096
12.6096,0.541096,0.116602
12.6146,0.628392,0.125657
12.6196,0.512384,0.113466
12.6246,0.536205,0.116074
12.6296,0.626808,0.125498
12.6346,0.475354,0.109289
12.6396,0.662235,0.128996
12.6446,0.469364,0.108599
12.6496,0.368983,0.0962882
12.6546,0.414306,0.102031
12.6596,0.547213,0.117259
12.6646,0.604935,0.123289
12.6696,0.520503,0.114362
12.6746,0.443766,0.105596
12.6796,0.398364,0.100048
12.6846,0.359052,0.0949835
12.6896,0.507252,0.112897
12.6946,0.70549,0.133142
12.6996,0.587362,0.121485
12.7046,0.420139,0.102746
12.7096,0.416398,0.102288
12.7146,0.737507,0.13613
12.7196,0.667442,0.129502
12.7246,0.680885,0.1308
12.7296,0.581911,0.12092
12.7346,0.625095,0.125326
12.7396,0.563633,0.119006
12.7446,0.373043,0.0968164
12.7496,0.360034,0.0951134
12.7546,0.541972,0.116697
12.7596,0.396437,0.099806
12.7646,0.407174,0.101149
12.7696,0.537905,0.116258
12.7746,0.549271,0.11748
12.7796,0.442197,0.105409
12.7846,0.461889,0.10773
12.7896,0.279153,0.0837511
12.7946,0.482736,0.110135
12.7996,0.490034,0.110964
12.8046,0.474479,0.109189
12.8096,0.584761,0.121216
12.8146,0.694236,0.132076
12.8196,0.444237,0.105652
12.8246,0.391864,0.0992287
12.8296,0.364286,0.0956733
12.8346,0.532856,0.115711
12.8396,0.511942,0.113418
12.8446,0.454694,0.106888
12.8496,0.409972,0.101495
12.8546,0.3315,0.0912665
12.8596,0.38477,0.0983264
12.8646,0.35443,0.0943702
12.8696,0.597415,0.12252
12.8746,0.540329,0.11652
12.8796,0.403849,0.100735
12.8846,0.503817,0.112514
12.8896,0.452443,0.106623
12.8946,0.522358,0.114565
12.8996,0.520667,0.11438
12.9046,0.314442,0.0888874
12.9096,0.476255,0.109393
12.9146,0.462439,0.107795
12.9196,0.597594,0.122539
12.9246,0.404438,0.100808
12.9296,0.396548,0.0998199
12.9346,0.451372,0.106497
12.9396,0.323363,0.0901394
12.9446,0.527413,0.115119
12.9496,0.574468,0.120144
12.9546,0.509957,0.113197
12.9596,0.398574,0.100075
12.9646,0.427788,0.103677
12.9696,0.500427,0.112135
12.9746,0.579267,0.120645
12.9796,0.537292,0.116192
12.9846,0.455027,0.106927
12.9896,0.54523,0.117047
12.9946,0.599594,0.122743
12.9996,0.556227,0.118221
13.0046,0.403837,0.100733
13.0096,0.299017,0.0866797
13.0146,0.408767,0.101346
13.0196,0.50752,0.112927
13.0246,0.350532,0.0938499
13.0296,0.508032,0.112984
13.0346,0.619903,0.124805
13.0396,0.627012,0.125518
13.0446,0.50718,0.112889
13.0496,0.528732,0.115262
13.0546,0.595747,0.122349
13.0596,0.606357,0.123434
13.0646,0.496164,0.111656
13.0696,0.40911,0.101389
13.0746,0.338146,0.0921768
13.0796,0.568847,0.119555
13.0846,0.356014,0.0945809
13.0896,0.405031,0.100882
13.0946,0.458964,0.107389
13.0996,0.444359,0.105666
13.1046,0.514318,0.11368
13.1096,0.545715,0.117099
13.1146,0.722552,0.134742
13.1196,0.585019,0.121242
13.1246,0.445638,0.105818
13.1296,0.395897,0.099738
13.1346,0.31154,0.0884763
13.1396,0.43123,0.104094
13.1446,0.507274,0.112899
13.1496,0.490146,0.110977
13.1546,0.346485,0.0933065
13.1596,0.427878,0.103688
13.1646,0.43674,0.104756
13.1696,0.386041,0.0984887
13.1746,0.550139,0.117573
13.1796,0.496324,0.111674
13.1846,0.477552,0.109542
13.1896,0.44359,0.105575
13.1946,0.65171,0.127967
13.1996,0.525673,0.114928
13.2046,0.366691,0.0959886
13.2096,0.396497,0.0998135
13.2146,0.402984,0.100627
13.2196,0.437757,0.104878
13.2246,0.433904,0.104416
13.2296,0.40197,0.1005
13.2346,0.491203,0.111096
13.2396,0.33952,0.092364
13.2446,0.322836,0.0900659
13.2496,0.31871,0.0894886
13.2546,0.39403,0.0995026
13.2596,0.451306,0.106489
13.2646,0.275344,0.0831778
13.2696,0.367106,0.096043
13.2746,0.354826,0.0944229
13.2796,0.475047,0.109254
13.2846,0.564581,0.119106
13.2896,0.385801,0.0984581
13.2946,0.37632,0.0972408
13.2996,0.382278,0.0980075
13.3046,0.477333,0.109517
13.3096,0.43648,0.104725
13.3146,0.484343,0.110318
13.3196,0.435794,0.104643
13.3246,0.327795,0.0907551
13.3296,0.331363,0.0912476
13.3346,0.415982,0.102237
13.3396,0.501067,0.112206
13.3446,0.336857,0.092001
13.3496,0.281871,0.0841579
13.3546,0.488532,0.110794
13.3596,0.273153,0.0828462
13.3646,0.35843,0.0949012
13.3696,0.318641,0.0894789
13.3746,0.294387,0.086006
13.3796,0.425712,0.103426
13.3846,0.402044,0.100509
13.3896,0.345289,0.0931453
13.3946,0.321987,0.0899475
13.3996,0.374199,0.0969663
13.4046,0.437547,0.104853
13.4096,0.571452,0.119828
13.4146,0.460982,0.107625
13.4196,0.439883,0.105133
13.4246,0.503231,0.112448
13.4296,0.350535,0.0938503
13.4346,0.271861,0.08265
13.4396,0.412854,0.101852
13.4446,0.332791,0.091444
13.4496,0.281583,0.0841149
13.4546,0.280924,0.0840164
13.4596,0.267483,0.0819819
13.4646,0.365891,0.0958839
13.4696,0.408297,0.101288
13.4746,0.336292,0.0919238
13.4796,0.514749,0.113728
13.4846,0.378277,0.0974933
13.4896,0.496989,0.111749
13.4946,0.427355,0.103625
13.4996,0.362691,0.0954637
13.5046,0.225524,0.0752776
13.5096,0.338924,0.0922828
13.5146,0.352728,0.0941433
13.5196,0.245783,0.078586
13.5246,0.349378,0.0936952
13.5296,0.289572,0.0852997
13.5346,0.270447,0.0824348
13.5396,0.425057,0.103346
13.5446,0.329801,0.0910323
13.5496,0.373037,0.0968157
13.5546,0.3878,0.0987128
13.5596,0.274329,0.0830244
13.5646,0.276522,0.0833555
13.5696,0.282938,0.0843171
13.5746,0.238517,0.0774158
13.5796,0.241389,0.0778804
13.5846,0.361134,0.0952585
13.5896,0.373525,0.096879
13.5946,0.237288,0.077216
13.5996,0.244995,0.07846
13.6046,0.419959,0.102724
13.6096,0.289482,0.0852866
13.6146,0.22357,0.0749508
13.6196,0.337105,0.0920348
13.6246,0.391839,0.0992255
13.6296,0.361504,0.0953073
13.6346,0.463546,0.107924
13.6396,0.308277,0.0880117
13.6446,0.372029,0.0966848
13.6496,0.268306,0.0821079
13.6546,0.464995,0.108092
13.6596,0.358272,0.0948803
13.6646,0.198639,0.0706484
13.6696,0.242232,0.0780164
13.6746,0.248195,0.0789708
13.6796,0.274844,0.0831022
13.6846,0.198217,0.0705733
13.6896,0.362943,0.0954968
13.6946,0.35535,0.0944927
13.6996,0.313474,0.0887505
13.7046,0.322139,0.0899687
13.7096,0.365235,0.0957978
13.7146,0.263912,0.0814327
13.7196,0.251015,0.079418
13.7246,0.202901,0.0714022
13.7296,0.229175,0.0758845
13.7346,0.292536,0.0857353
13.7396,0.446732,0.105948
13.7446,0.231012,0.0761881
13.7496,0.277221,0.0834609
13.7546,0.327333,0.090691
13.7596,0.349846,0.093758
13.7646,0.401004,0.100379
13.7696,0.242561,0.0780693
13.7746,0.260483,0.080902
13.7796,0.304581,0.0874825
13.7846,0.32673,0.0906075
13.7896,0.357953,0.0948381
13.7946,0.327727,0.0907457
13.7996,0.442251,0.105415
13.8046,0.46696,0.10832
13.8096,0.24164,0.0779209
13.8146,0.334799,0.0917196
13.8196,0.223663,0.0749665
13.8246,0.379362,0.0976329
13.8296,0.28622,0.0848047
13.8346,0.23744,0.0772408
13.8396,0.251663,0.0795205
13.8446,0.346687,0.0933337
13.8496,0.274347,0.083027
13.8546,0.436806,0.104764
13.8596,0.285086,0.0846365
13.8646,0.309944,0.0882493
13.8696,0.272805,0.0827933
13.8746,0.27653,0.0833567
13.8796,0.338863,0.0922744
13.8846,0.187847,0.0687024
13.8896,0.301362,0.087019
13.8946,0.393923,0.099489
13.8996,0.295116,0.0861125
13.9046,0.282237,0.0842125
13.9096,0.207975,0.0722894
13.9146,0.442688,0.105467
13.9196,0.431398,0.104114
13.9246,0.332561,0.0914124
13.9296,0.422154,0.102992
13.9346,0.366909,0.0960172
13.9396,0.22073,0.0744732
13.9446,0.309576,0.0881968
13.9496,0.285641,0.0847189
13.9546,0.300967,0.0869619
13.9596,0.292885,0.0857863
13.9646,0.226062,0.0753674
13.9696,0.230989,0.0761842
13.9746,0.322374,0.0900015
13.9796,0.390853,0.0991006
13.9846,0.299661,0.086773
13.9896,0.327071,0.0906548
13.9946,0.290004,0.0853634
13.9996,0.219556,0.0742749
14.0046,0.268113,0.0820784
14.0096,0.303387,0.0873108
14.0146,0.282547,0.0842587
14.0196,0.216265,0.0737162
14.0246,0.103283,0.050943
14.0296,0.195179,0.0700304
14.0346,0.352791,0.0941518
14.0396,0.258424,0.0805816
14.0446,0.2906,0.085451
14.0496,0.215145,0.073525
14.0546,0.270742,0.0824797
14.0596,0.22242,0.0747579
14.0646,0.169285,0.0652198
14.0696,0.218467,0.0740904
14.0746,0.203231,0.0714603
14.0796,0.277317,0.0834752
14.0846,0.239405,0.0775597
14.0896,0.157508,0.0629101
14.0946,0.199082,0.070727
14.0996,0.405052,0.100885
14.1046,0.24074,0.0777757
14.1096,0.326875,0.0906277
14.1146,0.258655,0.0806176
14.1196,0.251169,0.0794424
14.1246,0.22126,0.0745626
14.1296,0.278508,0.0836543
14.1346,0.340443,0.0924894
14.1396,0.322643,0.090039
14.1446,0.271434,0.0825852
14.1496,0.232566,0.0764438
14.1546,0.133015,0.0578122
14.1596,0.233566,0.0766081
14.1646,0.244319,0.0783517
14.1696,0.130649,0.0572957
14.1746,0.294961,0.0860899
14.1796,0.363612,0.0955848
14.1846,0.135014,0.058245
14.1896,0.27441,0.0830366
14.1946,0.388027,0.0987417
14.1996,0.391313,0.099159
14.2046,0.262892,0.0812753
14.2096,0.23638,0.0770682
14.2146,0.185987,0.0683613
14.2196,0.246074,0.0786325
14.2246,0.40279,0.100602
14.2296,0.229839,0.0759945
14.2346,0.134918,0.0582243
14.2396,0.23216,0.0763771
14.2446,0.204549,0.0716915
14.2496,0.297507,0.0864607
14.2546,0.183372,0.0678791
14.2596,0.200864,0.0710429
14.2646,0.221758,0.0746465
14.2696,0.148283,0.0610401
14.2746,0.231878,0.0763307
14.2796,0.31631,0.089151
14.2846,0.224735,0.0751458
14.2896,0.203303,0.0714728
14.2946,0.130818,0.0573327
14.2996,0.158322,0.0630725
14.3046,0.152227,0.0618465
14.3096,0.228963,0.0758495
14.3146,0.201434,0.0711436
14.3196,0.223011,0.0748571
14.3246,0.103777,0.0510647
14.3296,0.0879736,0.047016
14.3346,0.0667185,0.0409442
14.3396,0.0504112,0.0355904
14.3446,0.121165,0.055177
14.3496,0.134415,0.0581158
14.3546,0.076527,0.0438507
14.3596,0.0996856,0.0500479
14.3646,0.0147648,0.0192612
14.3696,0.0218466,0.0234294
14.3746,0.118617,0.0545937
14.3796,0.0631994,0.0398498
14.3846,0.0615598,0.0393295
14.3896,0.0490958,0.035123
14.3946,0.070193,0.0419968
14.3996,0.00891759,0.014969
14.4046,0.0312749,0.0280329
14.4096,0.0437703,0.0331634
14.4146,0,0
14.4196,0,0
14.4246,0,0
14.4296,0,0
14.4346,0,0
14.4396,0,0
14.4446,0,0
14.4496,0,0
14.4546,0,0
14.4596,0,0
14.4646,0,0
14.4696,0,0
14.4746,0,0
14.4796,0,0
14.4846,0,0
14.4896,0,0
14.4946,0,0
14.4996,0,0
14.5046,0,0
14.5096,0,0
14.5146,0,0
14.5196,0,0
14.5246,0,0
14.5296,0,0
14.5346,0,0
14.5396,0,0
14.5446,0,0
14.5496,0,0
14.5546,0,0
14.5596,0,0
14.5646,0,0
14.5696,0,0
14.5746,0,0
14.5796,0,0
14.5846,0,0
14.5896,0,0
14.5946,0,0
14.5996,0,0
14.6046,0,0
14.6096,0,0
14.6146,0,0
14.6196,0,0
14.6246,0,0
14.6296,0,0
14.6346,0,0
14.6391,0,0
